     200       5    0.05
       2       2       2       3       1       5       2       4       2       3       1
       1       3       2       3       3       5      10       2      13      10       1
       2       1       3       2       2      13      13      15       2      10       1
       3       1       1       1       3       9      14      16       7       3       1
       2       2       3       3       3      16       4      15      13      11       1
       1       2       2       1       1       0      15       2      13       7       1
       1       3       2       1       2       1       8      15      11      12       1
       1       2       3       2       1       2       3       3       9       3       1
       2       2       3       2       3       8      16       6      11       1       1
       3       2       3       1       1       0      16       3      13       6       1
       2       2       2       3       2       2      15       5      16       7       1
       3       1       1       2       2       4       7      13       3       5       1
       3       2       2       1       2      13       7       3       4      13       1
       1       3       1       2       1       6      16      12       5      10       1
       2       1       1       3       1      16       7       1       9      11       1
       1       1       2       3       1       0       6      11       2       9       1
       2       1       1       3       1       2       5      10       2       9       1
       3       1       1       1       2      16       2       1       8       4       1
       2       2       3       2       2       5       9       5       0       6       1
       2       3       1       2       1       5       0       0       0      12       1
       3       2       2       3       3      16       2      11      16       0       1
       2       2       3       1       2      10       3       3      14       3       1
       1       3       1       3       3       8      16       6      12      13       1
       2       3       3       3       2       2       7       9      15      15       1
       1       1       1       3       3       0      15       2      12      10       1
       1       1       1       1       1       9       3       9      12       7       1
       2       2       2       1       1       6       0       8       1       6       1
       2       3       3       2       3      15       1       3       7       6       1
       2       2       1       3       2      12       7       0       0       4       1
       2       2       3       1       1       9       1       1      11       6       1
       2       3       3       3       1       9       0      11      13      15       1
       2       2       1       3       3       7      11       2       4       6       1
       3       3       2       1       1      10       4       8       2       8       1
       3       1       1       3       1      16       0      14      11      15       1
       3       3       1       2       2      10      16      11       1      14       1
       2       1       3       1       1       6       3       9       7       4       1
       2       1       3       1       2      11       6      13      13      13       1
       2       1       3       2       1       2       6       7      12      11       1
       1       2       1       2       1       3       4      10       6       6       1
       3       1       1       2       3       6       8       3      11       0       1
       1       1       1       2       3       0       2       6      16       5       1
       1       3       2       3       3       8      12      12      16       1       1
       3       1       2       3       2       4      11       8       7       1       1
       1       3       2       1       2      13      15       7       2       9       1
       2       1       1       2       2      11      15      16      12       3       1
       3       3       2       3       1       6      14       1      13       8       1
       3       2       3       1       1      10       7      11      11       3       1
       3       1       2       1       3      12       2       7       6       5       1
       1       3       1       1       1       1       7       6       4       5       1
       3       2       3       1       2      12      12       4      13      14       1
       2       2       2       1       3      11      12       7       0       8       1
       1       3       1       1       3       5      11      10       5      10       1
       1       3       1       3       2      10      11       9      12       8       1
       1       2       2       3       2      11       6       9       1       1       1
       2       3       2       2       1       5      13       3       1      12       1
       1       1       2       3       3      15       9       6       3       4       1
       3       2       3       1       2      10       7       9       7      13       1
       1       1       3       3       3      12      15       3      14       8       1
       1       1       2       3       2       7       2      14      15      10       1
       2       1       2       2       1      11       0       2      11      10       1
       3       3       2       3       1       8       8       7      15      10       1
       1       1       3       2       1      10       5      15       1      10       1
       1       1       1       1       2      11      12      13       8       3       1
       1       3       3       1       2       6       7       6      12      15       1
       3       3       1       3       2       2       9      10       9       4       1
       1       3       1       1       3       5      10      15       8      10       1
       2       2       3       1       2      11       4      12       8      11       1
       1       3       2       3       2      11      11       2      15       8       1
       2       2       1       3       3      10       3       4       3      13       1
       1       1       2       2       2      14       2       8      10      14       1
       2       1       2       3       1       0      12       6      16       8       1
       2       3       2       1       2      12      16       0       6       1       1
       2       3       3       3       2       4       7      12      10      10       1
       2       3       2       1       3       2      10       8      14       3       1
       2       3       3       1       1       4      14       6      15       7       1
       1       1       1       1       2       9       9      15      12       8       1
       3       2       3       2       2       9      11       2       2       6       1
       3       2       2       2       3       8      15       7      10       7       1
       3       3       2       2       3      16      12      10       4       1       1
       2       3       3       3       3      14      12      13      14      12       1
       2       1       2       2       2       6       0      13       4       9       1
       1       1       1       3       1      16      14       7       5       2       1
       2       2       3       2       2      10      12      11       8       1       1
       1       3       3       1       3      12       9      12       1      14       1
       2       1       1       2       3      11       8       6       3       0       1
       3       1       3       2       1       2       8       9       0      12       1
       2       1       1       1       2      11       0       2      16       2       1
       2       2       3       3       3       4       7       0       3       0       1
       2       3       2       2       1      10       3      13      16       8       1
       2       3       1       3       3       7       9       0      12      10       1
       2       3       2       1       1       9      11       7       4       5       1
       3       3       1       3       3       4      10      16      16      12       1
       3       2       2       1       1       2       8       4      12      12       1
       1       3       3       3       3       5       3       8       6       7       1
       2       2       2       2       3       6      10       7      14      16       1
       1       1       2       3       2      12      12       7       3      16       1
       2       3       1       3       2       1      11       3       7       9       1
       2       2       1       1       1       6       5       0      14       5       1
       2       1       3       3       3       6       5      15       9       4       1
       2       1       3       2       2       5       1      14       0       9       1
       1       3       2       2       1      15       2       1       2       4       1
       1       2       2       3       2       3       7       4      10       3       1
       1       2       3       3       2       6       8       0       6      13       1
       3       3       2       1       2       9      13       9      11      15       1
       1       3       1       2       1      13       4       6       7      12       1
       3       2       2       2       1       7       5       5       8       0       1
       1       3       2       3       2      16       5      14      14      12       1
       2       3       1       1       2       4       4       0       7       6       1
       3       1       3       2       3      11      16       5       7       3       1
       1       3       3       3       3       0      16       0       9      11       1
       1       1       2       1       3       7       4       8      10       6       1
       3       3       2       2       2      10      13      10      15      15       1
       1       3       3       1       2       7       0      13      10       5       1
       3       3       2       2       3      16       8       6       5      15       1
       2       3       1       3       2       0       7      15       3       9       1
       3       3       2       2       2      11       3      10      10      16       1
       2       3       2       1       1      14       9      14      11       6       1
       3       3       2       3       1       0       4       0      12       6       1
       1       3       3       2       2       4       3       4      11       7       1
       2       2       1       1       1       3       1       4      11      14       1
       3       2       1       1       3      14      12      15       1      14       1
       3       3       1       1       1       1       4       2      15       9       1
       2       2       2       1       1       7      15       9       3       7       1
       1       1       3       3       2       3       8       2       7       6       1
       2       1       2       2       1       7       4       7      10       1       1
       2       2       1       3       1       6      16      16       8       7       1
       3       1       2       2       2       0      15       8       7       8       1
       3       3       2       1       2      11      14      16       0      11       1
       3       2       2       1       1       2      12      15       4       9       1
       1       1       2       2       3       3      13       4       3      15       1
       2       3       3       2       2      15       4       7       8       8       1
       3       3       3       1       1       2       0       0       3      11       1
       3       3       3       1       2       8       3      13       0       4       1
       3       2       2       1       3       9       1       8       2       5       1
       1       3       2       1       1       7      16      11       7       3       1
       3       2       3       3       2      13      13       8       3       8       1
       1       1       3       2       1      15      12      13      16      10       1
       2       3       1       2       1      16      11       6      12      12       1
       1       3       2       1       2       1       7       8       0       8       1
       3       2       1       3       3       0      11       7       5      16       1
       2       1       1       1       3       2      13       6       3      10       1
       3       1       3       1       2       5       7      12      13       6       1
       2       2       1       2       2      12       8      12      12      10       1
       1       1       3       2       1       7       3       9       0       9       1
       3       1       3       3       2       1      15      10      14       7       1
       2       3       1       3       1      15       2       5       3      10       1
       2       1       1       2       3      12      14       5      13      12       1
       1       2       2       1       2       2       6      15       8       1       1
       2       1       3       2       2      14       3       2      10       8       1
       2       2       3       2       1       8      13      16      11      10       1
       1       3       2       2       3       5       4       3       0      14       1
       1       2       3       2       2       4      16       1      16       2       1
       1       1       3       1       1       7       9       0      14       2       1
       1       1       1       3       1      15       1       3       2      11       1
       1       3       1       3       3      16      13      15       1       2       1
       1       1       1       2       1       5      12       8      11       9       1
       1       1       1       3       2       9       1       8       9       7       1
       3       1       1       2       1      13       4       3      13       4       1
       2       2       2       1       3      12      11      14       2      11       1
       3       2       3       2       1       3       3      16       7       3       1
       3       3       1       1       2      16       2       9      15       4       1
       2       1       1       3       3      10      10       6       6      14       1
       3       2       3       1       1       8       2      11       9      11       1
       3       1       3       1       3      16      16      13       1       1       1
       1       3       3       2       3       8      10      15      13       5       1
       2       2       1       2       1      12       4      11      11      13       1
       2       2       1       3       3       5      10      12       9      10       1
       3       2       1       3       1       6       3       8       5      15       1
       1       1       1       1       3      14      13      14      14      16       1
       1       1       1       2       1       1       2      11       3      16       1
       1       1       1       1       1      12       2       3      11      12       1
       3       1       3       3       2       1       4       3      15       1       1
       2       1       3       3       1      11       9       7      10      14       1
       2       2       1       1       3       0      14       6       6       3       1
       2       1       3       1       2      16      13      14       7       7       1
       3       1       2       3       2       0       6       6       5      12       1
       3       2       2       2       2      14      11       5      11       7       1
       3       2       3       3       3      14       0       9       0      13       1
       2       2       2       3       2      14      15      13      11       6       1
       1       2       3       1       1       6      13      14      15       0       1
       1       2       2       1       3      11       7       2       0       1       1
       3       3       1       1       1      12       8      12      11      16       1
       2       2       1       1       2       3       2       8      11       1       1
       2       3       1       3       2       0      12       9       5       4       1
       1       1       2       2       2       9      13      15       5       9       1
       1       1       2       2       3       7       9      14       5       0       1
       3       3       3       3       3       4       0       3       6       0       1
       3       1       1       2       2      12      14       5       9      10       1
       2       1       3       1       3      15       6       2       2       2       1
       3       3       1       3       1       4      13       9       0       0       1
       3       1       2       3       2       8      16       6      11       0       1
       3       2       2       1       2      15      13       0      15       3       1
       1       1       3       2       3       1       0      16       3       4       1
       2       3       3       2       1      16      14      16       2      13       1
       1       2       2       1       1       7       9      14      10      15       1
       1       3       1       1       2      13       5       3      10       4       1
       2       2       1       1       3      13      14       0      11       1       1
       3       2       2       2       3       1      12      12      14       1       1
       1       1       1       1       2       6       3      14       4       1       1
       2       3       2       1       2       4       1      12       1      15       1
      46      42      77      63      55
      90      84     152     123     107
     181     129     283     191     269