     300      10    0.10
       2       2       2       1       2       3       2       3       3       2       0      12      16       2      13       9       9      14       3      16       2
       1       2       2       2       3       1       2       1       3       3      14       0       7       6      12      14       5      10      10      12       1
       1       3       2       3       3       1       3       3       1       3       4       8       6      14      12       2       7       7       6      10       1
       3       3       3       1       3       2       1       2       3       3       3       4       4       8       2      14      12       8       9       7       1
       1       2       3       1       3       3       2       1       2       3       6       6       0       6      14      13      16      14      13       1       1
       1       1       3       1       1       3       1       2       2       2       3       6      12      12      13      16       6       0       5       5       1
       1       3       3       1       2       3       1       2       1       3      12       2       2       7       8      14      15      11       3      13       2
       1       1       1       3       2       3       1       2       1       2       3       5       6       9      13       1       3       5       5      13       1
       2       2       1       1       3       3       2       1       3       3       5       2      11      15      11      11       7      13      11       6       1
       3       2       1       3       1       3       2       3       1       1      11      13      13       9       6       4       7      15       8       8       1
       1       3       2       3       1       1       3       3       2       3       2      10       4      11       8       8       4       8      14      11       2
       1       3       3       1       3       3       1       2       2       3      13       9      16       8      12       2      16       9       6      11       1
       3       1       2       2       1       1       2       3       2       2       6       0      11      15      12       0       9       6       8      12       1
       1       3       2       1       2       1       3       1       3       3      12       1       9      15       5       6      10       2      12      14       1
       2       3       3       1       3       3       3       3       1       3      11      16       6      14       9      10       7       5       6       8       1
       1       3       3       3       2       1       3       2       2       2       7      11      11      12       0       3       7      16      14       1       1
       1       2       2       3       3       2       3       2       1       3       5      10      12       7       1       4       3      14       7       8       2
       1       3       1       2       1       3       2       1       2       2      11      16       9       6      10      14       3       2       1      10       2
       2       1       1       2       3       1       2       2       3       2       1       3       0       2      15      13      10       0       7      12       2
       3       1       1       2       1       1       2       2       2       1       1      11       9       0      15       8       9      10       4       6       2
       1       3       3       3       1       1       2       2       3       2       6       4       0      15      14       6       0       6       7       8       1
       2       1       3       1       1       1       2       2       1       2      11       5      15       5       4       9       6       6       6       8       2
       1       3       1       3       2       3       1       1       2       3       8       0      13      14      14      12       7       1      16       2       1
       3       2       2       3       3       2       3       2       1       1      10      15       1       4      14      14      16       1      14      16       2
       2       1       1       3       3       2       1       1       2       2       5      11       8      15       7      12      16      16       5       7       2
       2       1       2       1       1       1       3       3       1       1       3       7      14       6       1       1      11       1       8       7       2
       1       1       2       2       1       1       3       1       2       3       4       4       6       9       4       4      10       0       3      16       2
       3       1       3       3       2       2       2       2       3       2       8      14      10      13      13      10      13       9       2      12       1
       2       1       1       3       1       3       3       3       1       2      13      15       3       2      12       2       4       1       5       2       1
       3       2       2       2       1       1       3       2       1       3       3       6       2      16       0       5      10      12      14       6       2
       3       1       2       2       3       3       2       2       1       2       6       4       7      11       7      14      14       1      12      10       1
       3       1       3       1       2       1       1       2       2       3       7       4       6       9      16       1       9       2      16       3       2
       3       2       3       2       3       3       1       1       3       2      16       7       0       7       5       8       1       8       9       1       2
       3       1       3       1       2       2       3       3       2       3      14       5      12       3       1      13       5      14       5       5       1
       1       1       3       3       1       2       1       2       2       3       4       5      14       3       5       0      14       1       4       5       2
       1       3       2       3       2       3       2       2       3       2      10      11      14      11      12       4       7      14       9       1       2
       2       1       1       1       1       1       3       1       2       1      15       9      15       0       4      14       9      15       1      12       1
       1       2       3       2       3       2       2       3       1       1      15      11       2       7       8      11      10       0      15      16       1
       1       3       1       2       3       3       2       3       2       1       8      16      16       3       8       5      13      11       3       7       2
       3       2       3       3       1       1       1       1       2       1       4      15       7      13       1      13       4      15       4      12       2
       3       3       1       2       1       3       1       1       3       3      13      14      15       5       3       7      11      10       2      12       2
       3       3       3       2       3       1       3       3       2       1       7       8      11       5       8       8      13      13       3       8       1
       1       3       3       3       2       1       1       1       1       2      14      12       9      11      10       2       5       7      13       4       1
       2       3       1       2       2       2       1       1       2       3      11      13      12      13       4      16       3       5      15       5       1
       1       1       2       1       2       3       3       3       1       1       0      16       3       6      13       8      16       8       5      15       2
       1       3       2       2       3       3       1       2       2       2      10       9       3       7       6       7      16       8      10      13       1
       2       3       2       1       1       2       1       3       3       2       7      16      16      16       8      13       0      15       3       2       1
       3       2       3       2       3       2       1       3       2       1      11      11       5       9       9       3      11       5      16      11       2
       2       2       1       3       2       3       1       3       3       2      13       4       0      12      12       3       9       7      15      13       2
       1       3       1       1       2       1       2       3       2       3       4       6       8       3       5       4      15      11       3       7       2
       2       3       2       1       2       2       1       3       2       1       0       2      13      15      11      12       1       5      13      16       2
       3       2       1       2       2       1       1       3       1       3      14       9      16       1      15       0      10       0      13      13       1
       3       3       3       1       1       1       1       2       1       2      10       6       3      16      11       3       2       7      11       3       2
       3       1       3       2       2       2       2       1       2       1      15      15       6       1       9       6       7       5       6      15       1
       3       3       2       1       3       1       1       2       3       3      16       5       2      15       9       8      15      15       0       4       1
       2       1       2       1       2       3       2       1       2       2      13       4       1       3       4      14      16       8      15       5       2
       2       1       2       3       3       3       1       1       1       2      15      14      11       0       4      10       5       2       8      12       2
       3       1       1       1       1       3       2       3       3       1      13       2       3       0      10       2      16       0       1      11       1
       2       3       1       1       1       2       2       2       1       1       4      10       5       9      12      15      15       7       7       9       2
       3       2       2       3       2       2       2       3       2       3       7      16      15      13       1       8       5      15      13       6       1
       3       2       3       2       2       1       1       1       3       3       1      10       5       8       0      12      13      10       1       6       2
       2       2       1       1       3       1       1       2       1       1       3      16       3       9      13       1       6      12       7      12       2
       1       1       3       2       1       3       2       1       3       3       4      14       1       7      10       3       2       2      10      10       2
       2       3       1       1       2       1       1       2       2       3      15       6      15       1       9       3      11      10      14       1       1
       2       2       1       3       2       3       1       3       3       3       2       2      16       5      14      15       3       2       0      16       2
       3       2       1       3       3       2       2       3       1       1       3      15      11       5      10       9       7       5       5       8       1
       1       1       2       2       1       1       1       1       2       3       1       6      11       7      13      15       4      11       0       8       2
       1       1       3       3       1       1       3       2       3       1       6       2      14       3       6      16       5       5       2       4       1
       1       1       1       3       2       3       3       3       1       2      14       5       0       6      10      14      16      16       5      13       1
       2       3       3       1       2       1       2       1       3       3       8      14      16       9      16       7       8      12       3       3       2
       2       2       2       2       3       1       2       3       1       2       4       9       6       7       3       1       4      13       5      16       2
       1       1       1       1       1       3       1       1       1       2       0      12       1       8      14       0       6      14      13       4       1
       3       2       1       2       3       3       2       3       1       2       5      13      10       3      12      14      14       5      14      14       1
       2       3       2       3       3       1       2       2       1       2       8       8      16       7       6      13       5       1      10       0       2
       3       2       3       3       3       3       2       1       1       1      11       3       5       0       1       8       7       7       6       0       2
       1       1       1       1       1       3       1       1       1       3      10       5       1      10      11      16       3       0      11      12       1
       1       3       1       1       1       2       1       2       3       1       9      14       7      12      15      12       2       5      11      10       1
       1       1       1       2       1       3       2       1       3       1      12      15      13       0       9       0      13      15       7      11       2
       1       2       3       2       3       3       1       1       1       2      10      16      16      13       4       8      11       8      15       3       1
       3       2       3       3       2       1       2       3       1       2       4       9      12       4      15      15       6      10       8      13       2
       3       2       3       2       2       3       1       1       2       1      14      10       0       6       0      13       2       2      15       1       2
       1       3       3       2       2       3       2       3       1       2       6       4       2      10       0       5       7      13       4       6       2
       1       2       3       1       1       2       1       2       2       3      15       8       6       9       9       3      15       7       4       1       1
       3       1       2       1       2       3       1       2       2       2       4       5      12       9       7      10       9       3      16      15       2
       1       1       1       1       3       1       2       3       1       2      11       4       5      12      11       2       2      13      12       0       1
       1       1       3       2       3       2       3       3       1       1       8      12       6       7      14       7       6       2       6       7       1
       2       1       2       1       3       2       1       2       1       2       9      10       2       4      14       8       7       9       8       2       1
       1       3       2       3       2       1       2       3       1       1       7       5      14      15       6       2      10       0       7       5       2
       2       1       2       1       3       2       3       2       2       2       9      16      14       8       8       7       8       4       1       4       1
       2       3       1       1       3       2       1       1       3       1      15       5       9       1       6      15      16       6       9      13       1
       1       2       3       2       2       1       1       2       2       3       0       8       6       0      14       9      15      16      15      16       2
       3       1       2       2       3       1       3       1       3       3      14       6      12       2      11       9       6       7       5      15       1
       2       2       1       1       2       1       3       2       3       3       6       8      13       8      15      13       8       7      10      12       2
       2       3       2       3       3       1       1       3       3       3       7      16      11       9       4      12       1       6       3      15       1
       2       3       2       3       1       3       1       3       1       2       3      13       2      10      12       9      13      10       4      16       2
       1       1       2       1       3       1       2       3       1       1       7      10       5      14      11       0      13       3       6       8       1
       1       2       3       1       1       3       2       1       3       3      10       5      16      10       1       9       7      14      16       4       2
       2       2       3       3       1       2       2       3       1       3       9       0      16      15      10      16      16       3       1       4       2
       1       3       3       2       3       2       1       2       1       3      12       1       2      11      11       8       7       5       5       5       2
       3       3       1       2       3       2       3       1       3       2       8       4      12       4      11       9      12       8       2      11       2
       2       2       3       1       2       1       2       3       3       2      13       5       2       5      15       9       1       8      16      12       1
       2       3       3       3       1       3       3       3       2       3       6       7       0       7       1       3      12       2      14       6       1
       3       1       3       1       2       2       2       3       1       3       1       3      16       4      14      13       4       4      14      16       1
       2       3       2       1       1       1       3       2       2       1       8      11       6       4       1      11       8      15       8       2       1
       1       1       2       2       2       3       3       1       1       2       2       2      14       7       0       4       2       5       4       6       1
       3       3       1       2       3       2       3       1       3       1       5       9       4       7       9      16      14       5       0      15       1
       3       1       3       2       1       2       1       3       3       3       3       9      11       9      15       9      13       3       9       9       1
       2       3       3       3       3       3       3       1       1       2      10       5       5      15       0       7       4       7      15       2       1
       2       3       3       1       1       3       3       2       3       1       5      10       9      16       8       4       1      15       0       9       2
       3       2       2       3       1       3       2       1       2       1       7      16       4      13       4      14       1       7       3      15       2
       1       2       2       2       1       1       3       3       1       2      10      13       0      10       9       5      13      15       3       0       2
       3       3       1       1       1       1       3       3       1       3      16       0      14      12       0      10       1       6      12      15       1
       2       3       2       3       3       3       2       2       2       3       7       0      10       0      14      15      11      15       4       5       2
       2       1       1       2       1       2       3       2       3       3      12       0      10       8       8      13       2       0      11      16       1
       3       1       1       3       3       2       3       3       2       1      10       1       3      14      15      14       4       7      14      16       1
       1       2       3       3       2       1       2       2       1       2      15       6       4       8      11      10      13       9      12       3       1
       2       3       2       3       3       2       2       1       1       1       0       2      14      14       3       3       8       8       3       5       2
       2       2       2       2       1       3       2       2       2       3       5       6      16      13       7       3       8      15      11       5       1
       3       1       2       2       2       3       2       2       1       3       4       2       9       2       5       3      11       4      10       1       2
       2       1       2       3       1       2       1       1       1       1      15      15       7       9       2       3      12       2       2      14       1
       2       3       2       1       2       1       3       1       1       1       6      11       4       1       6      15       9      16       8      13       1
       3       3       2       1       2       2       1       3       3       3       4       2       5      11      12       9      15      12      12       2       2
       1       3       3       2       1       1       3       2       3       2      11       8      12       0       5      14       8      12      11      10       2
       3       1       2       2       1       2       1       2       3       1       9      15      13      16       3       4       2       8       5      16       2
       1       1       2       3       2       3       3       3       3       3       0       3      14       6       5       2      12       2       4       1       2
       1       3       2       1       1       3       2       1       1       2       9       9      14       7       1       2      10       5      12      11       2
       1       2       1       3       3       2       3       1       1       2      11       0      14      14      10       4       9      16       7      16       2
       2       2       3       3       2       3       3       1       3       3       6      12       6       8      12       4       8      15       4      10       1
       3       2       2       2       1       3       1       2       1       3       4       0       3      14      13       8      11       3      16      15       2
       1       3       2       1       2       2       3       1       2       3       0      15       7       1       3      15       7      11       4       8       1
       3       3       1       1       3       3       2       3       3       1       3       7       6       8       5      14      16      11       4       4       1
       3       2       2       3       2       1       1       1       3       1       9      10       0      12       4      11       8      16       5      11       1
       2       2       3       1       2       1       3       2       3       3       0      11      10      15      10       1      14      12       2      12       2
       2       3       1       1       1       3       1       1       3       1       2      12      13       7       7       0       3       4      16       9       2
       1       2       2       1       1       1       1       1       2       1      16      11       0       8      16      15       4       0       3      14       2
       1       2       3       3       3       2       2       1       2       3       8       4      15       5       1       7      14      12      15       5       1
       1       2       2       1       2       3       1       1       2       2       1      11      15       7      11      13       3       4       9      13       2
       1       2       3       1       3       2       2       2       2       2       7       4       6      14       0       0       9       8      12       5       1
       1       1       3       1       2       3       1       3       3       1       9       6      12       0       9       4      11       3       0       6       1
       3       2       1       3       3       1       2       2       3       1       5      14       1      12      16      11       0       3       7      12       2
       1       2       3       1       1       1       2       1       1       1      13       4       6      15       6       8      13      10       2       9       2
       3       1       1       3       2       2       2       3       1       3       7      14       5      15      11      15       7       0       8       7       1
       3       2       2       2       2       1       1       2       1       2       3      13       0       8       7       6       3       3       0      11       2
       2       1       2       2       2       1       3       1       2       3      14      13      10       4       3      10       8      14       5       9       2
       2       2       3       2       3       2       2       2       3       3       8      12       6       1       5       3       4       7       4       8       2
       1       2       1       3       3       3       1       3       3       1       2       1      13       3       4      14      11       4       5      16       2
       2       1       1       2       3       1       1       2       2       3      14       3      16       3       4      12      10       8       0       8       1
       2       2       2       3       3       3       1       1       3       3       4      15       2       0      15       9       3       4       5       2       2
       2       1       1       2       2       3       2       2       2       1       3       4       5       0       3       9      13      15       2       0       2
       1       1       2       1       2       3       1       1       1       3      16       1      11       1      13      13      13      16       1       7       1
       2       1       2       2       3       3       3       1       2       1      11       2       7      11      13       1       7       2      15       6       2
       2       1       1       3       2       3       1       3       1       2       5       7       2      12       8       1      10       3      11      15       2
       1       1       1       2       1       3       3       2       3       3      11       3      12       9       2       0       1      13       5       2       1
       2       3       2       3       3       2       1       1       1       1      12       5       9      11       5      15       5      11       0       4       2
       1       3       2       2       2       2       1       3       2       3       0      10       1       2       5      15       0      10       3      15       2
       2       2       2       3       3       2       1       3       2       1       5       5      13       6       0       4       1       3       2      10       2
       1       3       3       1       1       2       2       3       3       3       9       1       3       4       0       6       0       7       1      14       2
       1       2       1       2       1       1       2       2       1       3      16       3      14       6       4       8      13      12      15      13       2
       1       2       3       1       1       2       1       3       1       1      14       4      12      13       8      14       8       3      14      11       1
       2       2       3       3       3       3       2       3       1       3       7       1      16       0       3       1      15       5       9      13       1
       3       2       2       1       1       1       3       1       1       3       7       4       4      14       7      14       5      14       7       8       2
       3       1       2       1       3       2       2       3       3       1       1       4       4       2      16       9       2      10      11       9       1
       1       2       3       1       3       1       3       3       1       1      14      14      10      12       3       1      13      14      15       9       2
       2       3       3       1       1       2       3       1       3       3       9       0       3      11      12       0      14       2       9       3       2
       3       1       2       2       1       3       3       1       1       3      15      13       3       1       0      15       1      13      16       9       1
       1       2       3       2       2       3       3       2       2       3       1       7       5      10       6       7       4      13       2       1       1
       3       2       2       3       1       2       1       2       1       2       8       3       7      11      12      13       5      11       1      12       2
       3       1       2       3       3       2       1       2       1       2       0      14       1       3       9      10       6      11       5      14       1
       2       1       3       3       3       1       3       1       2       1      12       7       4       9       3      12      11      10       7      11       1
       3       2       3       2       2       2       1       2       2       1       1       4       6       0       1      14       0       0      14       7       2
       3       1       1       3       1       3       2       2       1       2      13      16      14      10       0       7      13      15       3       1       2
       1       3       3       1       3       1       1       1       3       3       5      14       7       1      11      13      11       9       7      16       2
       2       3       1       3       3       3       1       2       1       1      16      16       8       3       6       3      13      13      12      10       2
       1       1       2       1       3       2       3       1       1       3       9       4       7       6       8       4       2       0      13      14       2
       3       1       3       3       2       3       3       3       3       3      12      13      12       8      16       5       8       2       8       0       2
       1       2       2       1       1       2       1       2       2       2       2      12       4      11       0       4       2       0      10      13       2
       3       1       2       2       3       1       3       3       2       3       3      14      14      13       4       5       1      12       1       0       2
       2       1       1       1       3       1       2       1       2       1      16      16      14      14       7       3       2      14       0      13       1
       3       1       3       3       1       2       2       1       1       1       1       6       6      15       7       8      14      16      13      15       2
       3       2       3       3       3       1       1       2       2       3       7       1       9      13       8       6       3       1      12       5       1
       2       1       1       3       2       2       1       2       1       2      12       9      14      10      13      11       8       6       6      12       1
       1       1       1       2       2       2       3       1       3       3      10      16       4       7       1       9       9       8       6       9       1
       3       2       3       3       2       2       3       2       2       1       4       7       4       8      14       4      10      13      10      13       1
       1       1       2       2       3       2       3       1       3       2       4       6      15      10      16       8      15       9       9       9       1
       3       3       3       3       2       3       2       2       1       2       3       0       7      15      12       4      12       4      10       9       1
       3       3       1       1       3       2       3       2       2       2       7       5      12      14       9       5      11       7      11       9       2
       1       1       1       3       2       3       3       1       1       1       1      15       3       6       2       1       2       2      16       8       1
       1       3       2       2       3       3       1       3       2       3      11       5       2       9       6       7       3      13       1       3       2
       2       1       3       3       2       1       1       2       1       2       0       4       1       0       8       8       9       7       8       8       1
       2       1       1       1       3       2       1       1       2       1      11       8       9       7      13       3       3      11       2       1       1
       2       1       2       1       1       3       3       2       3       3       5       0      14      15       8       5      13       5      14      11       2
       1       1       3       2       3       1       1       2       2       1       8       9       8       9       8      15      10       4       0       7       2
       1       2       3       1       2       1       1       1       1       1      13       5      14       3      16      15       5       8      13      13       2
       2       1       2       2       1       2       3       3       3       1       3      11      16       9      14       5       5       8       5       4       2
       3       3       2       2       1       2       3       2       1       1      12       1       2       7       3      14       3      12      14      11       2
       1       3       1       1       2       3       3       2       1       1      11       6       9       0       7       9       1      10       4      14       2
       2       3       3       2       2       2       1       3       2       2      13      11      11      16      12       0       5      15       5       3       2
       3       1       3       3       2       3       1       3       3       3       4      15       0       1      13      15       5       7       4       8       2
       1       3       1       2       3       3       3       1       1       2      11       3       1       8       1      13      11       7       9      12       2
       2       3       1       1       1       2       1       1       2       3       9      10       5      10       6      16       8       6      12       7       1
       3       3       2       1       3       2       2       3       1       3       8       0       3      16      16      16       8       1      15       6       2
       2       3       1       3       3       2       1       3       1       2       3       9      14       1       8       7      15       6       1      15       2
       2       3       2       2       2       3       2       2       3       1       7       5       3       7      12      12      12       4       6       6       2
       3       2       2       3       3       1       2       1       2       2      15       2       7       5       6       1      10       2       5       1       1
       1       1       1       1       2       2       3       1       2       2      16      12      12       2      14      11       3       4      12       0       2
       2       1       1       2       2       3       2       2       3       2      14      14       8      10      11      15       6       9      14      14       1
       3       2       2       2       3       2       3       2       3       2       1       3       5       2       2      13       7       9       9       4       2
       3       2       3       2       2       1       3       1       1       1      10       8      10       4       5      10       0       2      16       6       1
       2       3       2       3       3       3       1       2       1       3      12      16       1      11      14      12       5      12      13       5       2
       3       1       3       3       3       2       1       1       2       2       8       0      15      13       6       7      12       4      16       5       2
       3       2       2       2       3       3       2       2       1       1       7       9      14      11       5       6      12       9      15       0       1
       2       2       3       2       1       2       3       2       2       1       2       3       1       5       3       6       0      14       3       0       2
       2       2       1       1       2       3       2       2       2       2       0      10      14       8      11       7       3       5      12       4       1
       2       1       1       1       2       3       1       1       3       2       3       3       5       8       0       0      11       0       3       7       1
       2       1       2       3       1       1       3       1       3       2       9      15       4      11      13       3       3      10       1      13       2
       1       3       2       2       2       1       1       3       2       1      14       5      13      12       3      10      15      16      16       8       1
       3       1       2       1       1       3       2       3       1       1       3       4      13       6       4       9       8      11       7       9       1
       3       3       3       1       2       3       1       2       3       1      11      14       9       4       1       1       2      14       6       8       2
       2       3       1       1       1       3       1       1       3       2      12       8       9      12      16       9      13       2       5       4       1
       2       2       1       1       3       1       1       2       3       1       9       3       0      15      12       9       3       5       1       1       1
       1       2       2       3       2       1       2       2       3       2      12      16       3       6      15       7      15       0       5      16       1
       1       1       3       3       2       1       3       2       3       1       7      14      10       6       3       1       4       7      13       7       1
       1       3       3       2       2       2       3       2       2       2       1       1      15      11      13      15      10      16       2      16       1
       1       3       2       2       1       2       3       3       2       3      16      11       4       9      12       9       7       5       4      10       1
       1       2       3       3       3       1       3       1       3       2      15      10      16      13       9      11       8       4       2      11       2
       3       2       2       1       2       3       1       2       1       1       3       6      14      14       6      14      13      14       6      10       2
       3       1       2       3       3       1       1       3       3       1      10       9      13       3       2       8      14       4       3       9       1
       2       2       3       3       1       2       3       1       1       2       0      11      14       4      15       3       9      13       6      12       2
       3       1       3       3       2       2       2       3       1       2       5       0      13      11       4       5      11      15       1       3       1
       1       1       1       1       1       2       1       1       1       3       0       6      10       2      16       6      14      11      11      16       2
       1       3       2       3       3       1       1       3       3       3       8       7      12      12      12      16       1       5       3      16       2
       1       2       2       2       2       1       3       3       1       1       1      15      16       0      13       8      10       3      10       3       2
       2       2       3       1       1       2       3       3       2       1       1       7      11       1       3      10      15       5      12       5       1
       2       3       3       2       2       3       1       1       2       1       7       6       5       3       0       9       4      13       6      16       1
       3       3       2       1       3       1       3       1       2       3       2       6      10      16      12       3       0       9       7       0       1
       1       2       2       1       2       2       1       2       1       3      12      14       8       0       3       9      14       2       8       5       1
       3       2       1       1       3       1       3       2       2       1       3       0       2       0      14       2       4       7      11      10       2
       3       1       1       3       1       2       3       2       1       3      14      12       0       3      13       8       6      10       9       7       1
       3       2       1       3       2       1       3       2       3       1       1       8      12       5       3       2      12       6       6      16       1
       2       3       1       3       3       2       1       3       2       3       1       0      11      14      12      13      15       2       3      11       2
       1       1       1       3       1       1       2       2       1       1       0      11       7       8      11       8       9       7       2       9       2
       1       2       2       1       1       3       2       1       3       1       8       2      10       8       8      14       9      13       4      16       1
       1       2       1       1       3       3       3       2       2       1       6      12      12       9       5       3      14       5       9      11       2
       2       2       1       3       2       1       2       1       2       3       8      11       2      12       0      12      13      10       7       9       2
       3       1       3       3       1       3       3       1       2       2       5       4      15      16       0       3      12       0      11      11       2
       2       3       1       2       1       1       3       3       2       3       6      15       1      10       2       4       3      10      10       5       2
       1       3       3       2       2       2       2       2       2       2       9       8       1      10      12      11       6      10       1      13       2
       2       1       1       2       1       2       3       1       1       1      12       6      10      12       4       8      15       7       6       8       1
       3       3       1       1       3       2       1       3       3       2      10       5       4       1      14       3       8       1       6      14       1
       3       3       2       2       3       3       1       1       1       3      14       6       8       8       4       5       2      15       3      15       2
       3       2       3       1       2       1       1       2       2       2       8       8       3       8      15      12       6      15       5       1       1
       2       2       3       2       3       1       2       1       1       1       8      16      10       3       7       3      10      10      16       4       1
       1       1       3       3       2       3       3       1       3       2      15       1      11       3       7       2      12      15       6      11       2
       3       2       2       3       3       3       2       3       1       1       8      16       1      11      10       5       0      12       9       7       2
       2       1       2       2       1       2       3       1       3       1       3       2       2      16       3       1      13      10       9      13       1
       2       1       1       3       2       2       3       2       3       1      13      12       1      11      14      11       5       6       4       7       2
       2       3       2       2       2       1       2       3       2       1       9       4      14       7       7      15      12       8      10       3       1
       3       3       2       1       3       1       3       2       3       1       0       7       6       1      12       0      14       7       3       6       1
       1       3       3       2       1       2       1       1       2       3       9       2       1       7       7      11       4      13       5       3       2
       1       3       2       3       1       3       2       3       2       2       5       0       5       3      12       8       0       1       5       3       1
       3       2       2       2       3       2       3       1       2       3       9      12      12       7      15       1       4      10      12       8       2
       2       2       2       3       1       3       1       3       2       1      16       1       1       1       8       5       5      15       4      11       1
       1       2       2       1       1       1       1       3       3       2      15       8      15      10       8       6       9       6       2       4       1
       2       3       3       3       1       3       1       1       2       3      10       5       2       3       5       6       7      10       1       2       1
       1       2       1       2       3       3       2       1       2       1      14      16      16       9      16       8       5       0       2      11       2
       1       3       1       1       1       3       1       3       3       1      16       4       9      11       3       3       1       0      12       4       1
       3       3       1       3       2       3       1       1       2       1       4      13       6       2       4      14       3      16       9      12       2
       1       1       3       2       1       2       3       2       2       1       2      16       7       0       4       4       4       4      15       4       1
       1       1       2       2       3       2       2       3       2       2      15      10       8       5       8       1       4      14       1      14       2
       1       3       2       1       2       1       2       1       1       2      16       0      15       5      12       8      10      11      10       7       2
       3       1       2       2       3       3       2       2       3       3       6       2      14      13      16       0       4      16       3       5       2
       3       2       1       3       1       2       2       2       2       1      13       3      11      10       4       7       5       3       4      11       1
       3       1       2       3       3       1       1       1       2       1      14      14      16      15       9      15       7       6       7       7       1
       3       3       1       3       2       3       3       2       2       2       0      12      12       9       9      13       0      16       0       7       2
       1       3       2       2       1       3       1       2       3       1       9      16      11       3      13       3       1      13      16      13       1
       1       2       2       3       2       3       2       3       1       1      13      10       2      10       6      13      11       2      11      15       2
       1       1       3       2       3       3       1       3       3       1       3       7       7       2      16      12       2      12      12       8       2
       1       2       2       1       1       2       2       2       3       1      13       4       5       3       1       9       2       7      10      10       1
       2       2       1       2       2       1       2       1       1       2      10      10      12       2       5       2       5       7       8      13       1
       2       1       1       2       2       1       2       3       2       3       3       1      12      12       5       0       4       9      11       9       1
       1       2       1       3       1       2       2       3       3       2       3       0       4       5       3       6      12       5      12      12       1
       1       3       1       3       3       1       3       3       3       1       0      10      12      14       8      16       7       4       6       4       1
       1       2       1       1       2       2       1       3       1       1       1       1       5       0       3       8       1       1      11      14       2
       2       1       3       1       2       3       1       1       3       3      16       2       6       5       0      14      15       3      13       5       1
       2       1       3       1       2       1       3       1       1       2       1      12       3       7       6      15       9      10       9       3       2
       3       3       1       2       3       3       1       1       3       1       1       1      12      12       7      12      11      11       3       7       2
       3       2       1       1       3       3       1       2       1       1      12       0       1       9      11       3       3      12      12      12       2
       2       1       2       3       3       2       3       2       2       3      15       7       9       3       9       6      15       6      11       3       1
       3       3       2       3       2       1       3       1       2       1       1       7      15       9       7      14       6       9       2      12       1
       1       3       2       2       3       2       1       3       1       3       2       1       9       3      12       0       0       7      13      14       2
       3       3       3       2       2       1       1       2       2       3      13       5       4       9      16      14       5       0      16       2       1
       3       2       3       3       3       3       3       3       2       3       6       9       0       8       0      11       3       9       3       8       1
       3       1       3       3       3       3       2       2       2       3       6       6      13       5       8       0       4      13       8       0       1
       1       2       1       3       3       1       3       2       1       1       5      14       4       7       0      11      13      13      10       3       1
       2       3       2       1       2       3       1       3       3       2      15      12       9      10       9      16       9       7      13       4       2
       3       3       2       1       1       2       1       3       3       1       8      15       9       8       4      11       2       0      10      10       1
       1       1       3       3       1       3       2       2       3       1       3       0      15       9       2       8      13       0      12       2       1
       1       1       1       3       1       3       2       3       3       1       5       4       2       6      12      10       8      15      15      15       1
       1       2       3       3       3       1       1       1       1       3      16       9      15       7      13      15      12      12      10      13       1
       1       3       3       1       1       1       1       1       1       2       7       6       0       5      10      13      11       0       9      13       1
      64      51      55      70      83      68      67      84      78      74
      90      90     180     180     180     180      90      90      90      90
     186     247     151     250     368     346     178     223     287     306