     200      15    0.15
       1       3       3       3       1       2       3       2       2       2       1       1       3       2       1       8      16       1       6      12       5       1      14      13      15       4       7      13       0       5       8
       3       2       1       3       2       3       1       3       1       3       2       3       2       2       3      16       7       8       9      12       4      12       1       6      12       6       6      14       2      14       7
       3       1       1       2       1       1       1       3       1       1       1       3       3       2       3      14      14       4       5      13       9       4       4      10       6       7      11      10       5       8       6
       2       3       2       3       1       3       1       3       2       3       3       1       2       3       3       0       9      10      10      11       3       0      10       4       1      16      11      15       7       3      10
       2       3       3       1       1       2       3       2       3       3       1       3       2       2       1       4      12       5      14       5       8      14       6       0       5      11       7       3       7       6      10
       1       2       1       2       2       2       2       3       2       3       2       2       3       3       1       9      16       1       7       5       0       5       8       8       9      12      13      10       7      10       7
       1       3       3       2       2       2       2       2       3       1       1       3       2       3       3      16       5      13      11      16      12       7      13       4       7      10       8       9      12       4       6
       3       3       3       1       2       1       3       1       2       2       3       2       3       1       3       6       6       8       1       7      11       8      16      16       8       5       9       2       6      12       9
       2       3       3       2       3       3       1       3       1       3       3       2       3       3       2       3       0      16       3      13      16       4       6      15       3       1       6       8      10       5      11
       3       1       1       2       1       1       3       1       3       3       3       2       3       3       3      10       5      15      15       7       7       7       6       6       7       0      16      12      16       4       7
       1       3       3       3       2       3       2       2       2       2       1       1       3       2       2      10       1      13       0       1       6       3       6      10      14       9      10       8       3      12      10
       1       3       2       3       2       1       3       3       1       2       1       1       2       2       3       2       4      11       8       3       1       0       5       4      11      13       3       3       8       7       8
       3       2       3       1       3       1       3       3       1       1       3       3       1       1       2       9       6       9      10       4       7      13       4      11       6       9       4       2       7      15       7
       3       3       3       1       2       3       2       1       1       2       1       1       2       3       2      15       3      13       3      15       6      14       4       4       4      11      16      15       6       5       8
       3       2       1       1       2       1       1       1       3       3       2       2       1       3       1      11       0       4       0       4      16       6      12      13       6       2      11      16      13       7       7
       2       3       3       3       1       2       3       2       1       3       3       3       2       3       2       9       1       7      12       2       7      13      11      10       9      15      10      13       1      10       6
       1       2       1       3       1       3       1       3       1       1       1       1       1       2       3       7       6      14      14      11      10       4       6       0       0       2       4      14       5       5      10
       1       2       3       2       3       2       1       2       3       2       3       1       1       1       2       2      16      10      10       6      13      12      15      13      10       0       3       6      15       7      11
       1       2       3       1       3       3       3       1       3       2       1       3       3       2       3      16       5       0      11      15       5       7      15      15      11       6       6       8      14      11       9
       1       2       1       2       3       3       3       1       1       2       1       1       2       3       2       0       1       5       7       8       9      13       1       5       6       4       4      15       7      16      10
       2       1       2       2       3       2       2       3       2       3       2       2       1       3       2       6      11       2       2      15      14       6      13       2       2       5      11      15       6      13       6
       1       3       1       1       3       2       1       3       1       2       1       2       1       1       3      12      11       9       9      11       0       8       4      10      13      15       5       4       0       6       9
       3       3       3       2       2       2       2       2       1       3       1       1       3       1       1       1      14       1      12      13       7      10       8       8       3       6      11       6      12      14      11
       3       2       2       1       3       3       3       3       3       3       2       1       1       2       1       6       0      11       1       1      15      16      16       0      15      15      10      13       8       0       7
       3       1       1       3       1       3       2       2       3       1       1       1       3       1       3       6       6       4       8       4       1       3      14      13       8      13      16      10      11       3       6
       2       3       3       1       2       2       3       3       1       2       2       2       1       1       3      15       9       6      11      13      15       5      10      11      16       5      13       3      15       7       8
       2       3       1       3       2       2       1       3       3       1       2       2       1       2       2      14       2       9       1       2      15      14      13      10      11       7       6       6      14       2      11
       2       1       1       1       1       1       2       1       2       2       1       2       3       2       2      15       6      15       8       4       0      16       9      13      16       0       6       5       2      16       7
       2       3       1       3       3       3       2       3       2       1       1       3       1       3       2       6      11       1       0       4       1      13       8       1      10      11      16       4      16       6       8
       1       3       1       3       3       2       3       3       1       2       2       2       2       2       2      13       7      12       5       7       2       9       1       2      10       9       9       7       2      13       9
       3       1       3       2       2       1       2       1       3       1       1       1       1       3       3      15      13       3       7       0       8      13       3       7      16       7      11       6       3      13       9
       3       1       3       1       2       1       1       1       2       3       2       2       2       3       3      10      15      13       2       7       1      10       2       5       7       5       0      10       0      11       6
       3       3       2       2       2       3       1       1       2       1       3       2       1       2       3      12      14       4       7       5       0       7       7       9      13       1      13      12       3       4      10
       1       1       3       1       3       3       3       3       3       2       3       1       2       2       1      10      13       9       9      10      15       0       3      15       5       6      16       5      13       8       6
       3       3       3       1       3       1       1       3       1       3       2       3       1       2       1       9       6      14      12       4       9       1       0       1       2      16      12       0       9      14       7
       3       2       3       3       2       1       3       2       3       1       3       2       2       1       2       0      15       8       7       4       7       3      12      15       1       6       5       7      15      10       8
       3       2       3       2       1       1       2       3       1       2       1       2       2       3       3       8      11      16       0      11       7       0      15      14       9      12      11       5       7       6       9
       1       1       1       2       1       1       2       3       3       3       3       3       1       1       3       7       1       4       5       3      15       1       8       4      10       0       2      14       1      13      11
       1       1       3       1       3       1       3       1       1       3       3       2       1       3       1       9       4      14      13       4      12       4       7       5       2       9       2      13       3       8      11
       1       1       1       3       1       3       3       3       2       3       1       1       1       3       2      12      14      10      16       8       8      15      16       8       8       4       2       6      12       9       7
       2       2       1       2       3       1       3       2       3       3       2       2       2       3       1       1       4      13       4      12       5      12      16       7       4       4       9       2      13       6      10
       3       1       2       1       2       1       1       2       3       2       1       2       3       3       2       3       2      10       5      14      10      13       1      13       7       5       4      14       3       4       9
       3       1       1       1       1       2       2       3       3       1       3       1       2       3       3      12       6      11       7       9      14       1      11       3       4      11       7       2      12       7       8
       3       2       3       1       2       1       1       2       1       2       1       3       3       2       3       8       4       1      12       3       6       0      16      13      14       6      11       8       8       0       9
       2       1       1       1       1       1       2       3       1       2       1       1       2       1       2       4       7       2      10       4      13      15       6      14       5      16      10      14      10       0      11
       1       3       3       3       1       2       3       1       2       3       2       3       3       2       3       8      10       8      10      13       3       9      16       5      11       8      14       9      14      15       7
       1       1       3       3       3       2       2       1       1       2       1       3       3       3       3      15       4       5      12       5       1      12       4      11      14       7      12       8      12      14      11
       2       3       3       1       1       1       1       3       1       2       2       3       1       3       2      15       9       6      12       5       6      15       6      10       5      16       3      11      16       4       8
       1       3       2       1       3       2       3       2       2       1       1       1       1       3       3       5      12      15      14       6      14       7       2       0       4      16       6       4      16       6       6
       2       3       1       3       2       2       1       3       3       3       3       1       1       3       2       2       3      13       0       6      14      12      10      16       9       2      14       2       4      12       7
       1       3       2       2       1       2       2       3       2       1       2       2       2       2       2      14       4       0       9       2       9       5       5       8      14       1       4       9       0      12       7
       3       3       2       3       1       2       1       1       3       3       3       1       3       2       3       0       2       4      13      10       4       2      11       7      11       8       9      16       5      11      11
       1       3       3       3       3       1       2       2       2       3       3       3       1       3       3      15       6      16       9       4      11      11       8       4       6      12      16      16       2      10       8
       3       3       1       2       2       2       2       2       1       1       1       3       1       3       2      15       6      11      11      16       4       2      14       5      10      12      11       1      14       5       8
       2       1       2       2       3       3       2       3       1       2       1       2       1       3       3       2      10      15       4       5       9      11      12      16       0      16       0       1       2      14      11
       1       1       1       1       2       1       2       1       1       2       1       2       3       2       3       3      13      13       8       6       6      11      16       8       8       1      16      15       0      14      11
       2       1       2       3       1       2       3       1       3       2       2       3       2       3       2      15      12      15      15      10       5       4      16       7      10      10       5       9      10       6       9
       3       3       2       2       1       3       3       3       1       3       3       3       2       3       1       8       5       4      15       1       6       9       7       7       4       1      12       7       1       2      10
       1       1       1       2       2       3       2       3       3       2       1       1       3       2       1       8       1       7      14      11       8       9       4       4       4       5       3       7       4       5       6
       2       1       1       1       3       2       1       2       1       3       2       1       3       1       2      13      12       7       7       1       2      15      16       3       3      10       1      14      11      11       7
       3       2       2       3       1       1       2       1       3       1       1       2       2       3       3      15       8      13       5      15      13       1       8       1       8      10      11      11       5      10       6
       2       1       2       3       3       1       2       3       3       3       3       3       2       3       2      16       1       9       3       9      11       9       9       2       8       2       6       4      10      12       6
       1       1       3       1       2       2       2       1       2       2       2       2       2       1       2       7       3      12      11      13       1       9       8       2      10      14      10       5      10       7      10
       1       2       1       2       3       2       2       3       1       1       3       2       3       2       2      15      11      14      12       4       9      12      11       0       6       0       7       6       4      12      11
       1       1       2       3       2       3       1       1       3       2       1       1       1       3       3      16       8      10       7      16       7       5       9      10       8       6       1      12       9       1       8
       2       2       2       2       3       1       3       1       3       2       2       3       3       2       1      11      11       2       0      15      16       6       9      15       1      13       2       7      10      11       6
       3       2       2       1       2       3       3       3       3       1       1       2       1       2       2       9       0       1       4      12      12       7       9       6      16      15      11       4       8       4       9
       1       1       1       2       1       2       3       1       2       1       2       2       3       3       2       9       2      12      10      15       8      10      10       1       7      14       9      13       2       9       7
       1       2       3       3       3       3       2       2       1       3       2       3       2       2       2      11      10       7       6       5      16       9       8       5       2       5       1       9      12       7       9
       1       2       1       2       2       3       3       3       1       2       1       3       3       1       3       8       5       1       1       2       5       6      11      13      11       5       0       8      10      15       9
       2       2       1       2       2       3       1       2       3       3       3       2       1       1       2       4      16       3      14       7       2       7       5       7       0       1       1       2      12      16       8
       1       2       2       3       3       3       1       2       3       1       2       2       3       2       1       4       6       5       7       0      10       1      15      16       4       9      15       4      11      11      11
       2       2       3       2       3       3       2       2       1       3       3       3       3       1       2       5      12      13       8      11       4      15       5      12      16      11      11      13      14       2       7
       1       2       2       1       2       3       2       3       3       2       3       1       1       3       2       7       8      11       3       8       4       8       8       8       8      14       7      13      13       6       6
       3       3       3       3       2       1       1       2       2       2       1       2       3       2       3       2       7       8       2       0      14      11      13       8      11      16       9      10      11      14       6
       2       2       1       1       1       2       3       2       1       2       2       3       3       3       3      13      12       8       4       4      16       1       7       5       1       1      13       6       7      16      11
       3       2       3       1       2       1       1       3       1       3       1       1       1       1       2      16       2      16       5      12       8      13      15      12       2      15      12       8       3      16       9
       1       3       1       2       3       2       3       1       1       3       3       1       1       2       2       8       7      12       7       3       9       5       3       5       4       3      10       2       0       3       6
       1       3       2       3       1       1       3       2       3       1       1       3       1       2       2      13      14       6      16       7       9       0       0       8       3       8      13       4      13       0      10
       2       3       1       3       3       2       1       3       2       2       3       2       3       1       1       7      14       7      16       7      10       2       4      16      13      11      13       6       8       6      10
       2       1       3       2       1       1       3       3       1       2       2       1       1       2       1       2      10       4      15       2      13       9       1       7       3       7       2       5       0       7      10
       1       2       1       3       1       2       3       3       1       1       2       1       1       1       1      13       1       3       6      13      14       9      15      11       7       6      14      14      12      16       7
       3       1       2       1       1       2       1       1       1       3       2       3       2       2       2       8       5       4       6      11      13       3      12      13       1       0       1      16      14      16       6
       1       1       1       1       2       1       2       3       3       3       1       1       3       2       1       6      12      13       4      10       0       0      16       2       5       5      14       3      11      15       6
       2       1       1       2       3       3       1       2       3       1       2       3       3       3       1      16       5       1       9       1       7      15      12       5      10       0       9      15      12      13      10
       2       2       3       1       3       2       3       2       1       3       1       1       2       3       1       6      14       8       6       7       8       2       8      11      12       7       0      14       1      13      10
       1       3       3       2       1       1       2       1       3       1       3       2       1       1       1       7       6       7      13       3      15       5       1      14      13      14       3      14      10       1       6
       2       3       3       2       2       1       2       1       1       3       2       2       3       2       1       1      14      15      10       1      16       5       7      15      10       3      11       7       1       7       7
       2       2       3       3       2       2       2       1       1       2       1       3       3       2       2      13       0       7       0       4       0       2       4      14      15       4      10       0       4       3      10
       2       3       1       2       2       3       2       3       1       2       2       3       2       2       1      11       3       1       1       3       6       7       4      10       6       0       7      13      12      16      10
       1       1       1       3       3       3       1       2       2       2       1       2       3       2       1      12      12      16      11      12      11       1      13       2       1       0       4       2       5       5       9
       1       3       3       3       3       1       2       1       1       2       2       2       2       1       3       8       0       4       7      10      12       9      10       3      13      13      14       1      16       3      10
       1       1       1       2       2       2       2       3       2       1       2       3       2       1       1      14       1       8      10      13      14      10      10       6      10       9       5       4      13       4       6
       1       1       2       2       3       1       1       1       2       1       3       1       2       2       3      13      10      11      16       8       1      15       0       9      14      15       5       8       6      10      10
       3       1       3       2       2       3       3       2       3       1       3       1       1       2       3      11      16      12      15      16       4       3       9       8      13       8      13      16       1       4       9
       1       3       2       3       2       1       3       1       2       2       2       3       1       1       3       4      13      15       6      16      12       3       9       3      12       8       9       2       6       5       7
       3       1       3       2       2       1       1       2       2       1       1       3       1       2       2      11      10       9      12      16       4      16      14       1       0       4      12      13       7       5      11
       2       3       1       3       3       3       2       3       2       2       3       1       1       2       2       6      15       5       3       2      14      16      13       2      14      12       2       6      10       6       6
       3       2       2       2       2       2       1       1       2       1       2       3       2       1       2       6       6      11       1       3       6       1      11      13      16      13      13       6       8      10       8
       1       2       2       2       1       2       2       1       1       2       1       1       3       1       1       1       3       7       5      16       1      12      14       7       0       8       8      14       2       0       6
       3       2       2       3       2       1       2       1       2       2       3       2       2       2       3      14       4       5      16      12       0      14      15      15      13      11      14       2       1      11      10
       3       2       3       1       2       3       3       1       3       3       2       1       2       1       2      12       0       1       5       9       7      10       9       7       2      16       5       9       9       9       8
       2       3       3       2       3       1       3       2       2       3       3       3       1       3       3       5       1       1       3       1       6       1       1      10      11       7       0       7      15       2       8
       1       1       2       3       2       2       3       3       1       3       1       2       2       3       3      11       4      16      10      10       4       0      16       2       1       2       0       7       2      11      10
       3       1       2       1       1       1       1       2       2       1       2       1       3       2       2       3      14       7       1      11      12       1      14       5       0      13      12       7       1      15       8
       2       1       1       2       1       1       2       1       2       3       3       1       3       2       3      13      11      14      14      10       6      14       5       7       3       6       4      12       2       6       6
       2       1       3       3       1       2       2       3       1       1       3       3       2       1       1      12       3      14       9       2      12      12      14       9      12      11       2       7       8      15      11
       2       1       2       1       1       3       2       3       2       2       1       2       2       3       3       4      11       3       4       8      11      13       1      14      10       0       7      13       2       6       6
       2       1       1       3       1       2       1       1       3       2       3       1       1       3       3       3       1       7       0       0      13       1       9       8       9      16      13      12      13       5       8
       2       3       3       2       1       1       2       1       3       3       1       2       1       3       1       1       5       7      12      14       7      16       6       6       1      13       6       6       1      13       8
       1       2       1       3       1       3       1       3       1       1       1       2       3       3       1      16       2      16       9       3      16       5       6       8      12       2      12       8      13      13       6
       1       3       2       2       1       1       2       1       1       1       3       3       3       1       2       6       7       1       6      14      10      13      11      16      16       0       9       2       6      10       9
       3       3       2       3       1       2       2       1       3       1       1       1       1       3       3       3      12      10      15      13      15      10      11       1       6      12       4       5      15      10       9
       2       3       3       3       1       2       1       1       2       2       3       1       2       1       3       6       9       3      12      10       1       6      13       9      11       6       2       8      16      11      11
       2       2       1       2       1       2       3       3       2       3       3       2       1       2       2       5       2      13      16       8       5      12      13       5       6      14       9       4       7       3       8
       3       3       2       1       2       2       1       2       2       3       3       1       2       2       1       4      15       9      10       1      15      11      14       2       4      12      14      15       6       0      10
       2       2       3       3       3       3       1       1       2       1       1       3       3       1       2       2      16       9      12      11      11       6       5      10      12      13       3       6       8       8       9
       2       2       2       1       2       1       2       2       3       2       2       2       2       3       1      12       9       8       3       3      15      10       5       8       6      16       7      15      15       9       9
       2       2       2       1       1       2       3       2       1       3       3       1       1       3       1      11       6       9      16      15       1       2      14       8      16      10       8      13      16      13       7
       1       2       1       2       3       3       2       1       2       3       1       2       2       3       1       6       9       6      11      10      11       7      11       2       5      11      12       9      14       2      11
       2       2       3       1       2       3       1       2       2       1       2       2       3       3       3       0      11      10      16       5      15      15      10       6      12       2       4       7       1       4       9
       1       3       2       3       1       2       2       3       1       2       2       2       3       1       3       1      12       9       0       6       6       0      11       1      13      12       5      14       0       4      11
       3       3       2       1       1       3       1       3       1       1       2       1       3       1       2      12      10      14       8       9       9       6       4       5       8      11       3      16       5      12       9
       3       3       3       2       2       3       1       1       3       2       2       2       1       1       1       6       5       8       5       7      13       4      14      10       6       5       1      11      10      11       6
       3       3       2       1       3       1       1       2       2       3       1       2       2       1       3       6      16       9      15       0      12      14       8       3      12       2      12       1       0      14       6
       1       3       1       2       1       3       2       3       3       3       1       1       2       2       3      13       0       9       2      10       1      12      16       1       3      16      10      15      16      10      11
       3       2       3       2       1       2       1       3       3       1       3       1       2       3       3      11       7      16       7      14       6      10       9       3       3      13       3      11       9       8      10
       3       3       2       2       2       2       3       1       2       1       3       3       2       2       1       1       8      16       6       3      14       0       8      15      10      14       9       3      10      16       6
       3       2       3       2       2       2       3       1       2       2       3       1       1       1       1      16       9      13       9       7      10       4       5       0       5      16       2      12      13      13       7
       3       2       3       2       1       1       3       2       1       3       1       1       2       3       1       5      16      12       0      14       7       8       4       5       5       3       9       3       8       8      11
       1       1       2       2       2       3       3       3       3       1       2       2       3       1       1       7       3      10      16       5       0      14       9       9      16      16      10       4       4       5       7
       3       2       1       3       1       1       1       1       3       2       1       1       2       1       2       9       2      12      13      13       3       5      12       7       2      11       2       3       5       0       6
       1       1       3       1       1       2       1       2       1       2       1       2       2       1       1      10      16       1      13       0       6       3       1      12      10      11       1       3      13       0       9
       1       1       3       1       3       2       3       1       1       3       2       3       2       2       2      13       2      15       8       0      11       2       5      16       8       3      13       3      10       0      11
       1       3       1       2       3       2       3       2       1       1       1       1       1       2       3      13       8       7       6      11       8       5       1       1       8       0      14       9       4      15       9
       1       1       2       2       2       1       2       3       3       1       2       1       3       1       3       5      16       2      13      10      13      12      15      15       7       9      12      11      16       7       8
       1       1       3       2       1       2       2       2       3       3       1       3       1       3       3      14       6       1      13       5      15       3      16       7       9       6       2      13       2       2       6
       2       1       3       2       1       1       1       2       3       2       2       2       3       3       1      11      16       3       4       2       0       7       9       7      10       1      15      11       4      10       8
       2       1       2       1       1       1       1       3       1       2       2       3       2       1       3       7       1       9      11       0       5       3       5       9      15      16      10       6       6       1       7
       1       2       1       2       1       2       2       2       3       1       1       2       1       1       3       4      16       2       4       7       0       1       2       0      16      10      15      11       3       3       6
       2       1       2       3       1       2       1       3       1       3       1       3       1       1       3       7      16       9       0       5      12      10       1      13       1      14      16      15       3       7       6
       3       1       3       1       2       3       3       1       2       2       1       2       1       3       2       5       5       2       5      16      10       1       0      14       3      11      16       5       8      11      10
       2       2       3       1       3       3       1       2       2       1       1       3       2       1       3      16       6      10       6       9       2       3       0       9       8       8      14      14       3      14       9
       3       1       2       1       2       3       1       1       1       2       2       3       2       3       1       4       9       5      13      15      15      15       2      15      14      12      16       1       3       9       9
       2       3       1       1       1       1       2       2       3       3       3       1       2       3       2       1      13       0      13       0       2      10       1      12       3       4      12      16       2      10       6
       2       1       2       2       3       3       1       2       2       2       3       3       3       2       1      10      15       9       5      11      10       2       5       1      10       0      14       3      16       0      10
       3       3       1       2       2       1       2       1       2       3       2       2       3       2       3       5      16       9       3      15       0       6      10      10      13       8      11      16       0      11      11
       1       2       2       1       1       2       1       1       2       3       3       2       2       3       3       1       1      11       6       8       3       6      14       9      10      12      11       3       2      16      11
       3       2       1       1       1       3       2       1       1       2       1       2       1       1       3      16      10       6      13      12      16      11      16      10       7       1       7       8      11      11       6
       1       1       3       1       3       1       1       2       2       2       2       3       2       1       3      14       0      11       2       3       3      13      10       6      14      10       7       8       1      16       7
       1       1       1       3       3       2       3       1       1       3       3       1       1       3       1       1      12       0      11       1      10       4      13      16      16      16       7      15       0       7      11
       1       3       1       3       3       3       3       2       2       2       2       2       1       3       3       3      16       0      15       2       9       7       4       6       9       5       4      10      16       3       6
       1       1       3       1       1       1       1       1       1       3       3       1       1       2       1      14       7      13      13       8       1      10      16      13      15      14       0       5      13      11       7
       2       2       3       2       1       3       2       1       3       3       1       1       3       2       3      14      14       1       7       7       8      14      13       5       8       9       0      10       5       0      10
       3       1       2       1       3       2       3       3       1       3       2       1       3       3       2      11       7       1       5       1      16       6       0       6       5      12       7       9      13       7      11
       3       3       1       2       2       2       3       2       2       1       3       1       2       2       3       6      13      12       4      16      14       9       9      16       9       1       6       3       2      15      10
       1       1       1       3       3       1       2       3       1       2       3       2       3       1       3       8      10       9       6       5      11      16      12      13       3       0       2      15      12       2       8
       2       2       3       3       3       1       1       3       1       1       3       2       1       3       3      14      12      13      10       0       1       3       1       3      13      14       6       2       7       0       8
       3       3       1       1       2       1       1       3       1       1       3       2       3       2       3      14       2      15      12      11       8       4       5      12      12       6      11       7       5       3      11
       1       3       2       3       1       1       1       3       3       1       2       1       2       1       3       3       9       2       8       4       9      16      15       4       3       0       0      12       9      14       7
       3       3       2       1       1       3       2       3       1       1       3       2       2       1       3       7      13       3       7      10       7      14       6      15       3      16      15      13       4       2      11
       1       1       2       3       2       1       2       3       2       3       1       3       2       1       2      16       9      15       9       1      15       9       4      16       2      11      11       3      15      15       6
       2       1       2       2       3       2       3       2       1       2       2       1       1       3       1      12       4       2       6       1       3       4      15       7       3       1       2      13      14       1       6
       3       3       3       1       2       1       2       3       3       1       2       3       2       2       1      12       7      14      16      16      15       0       1       4       9       8       5      16       2      13       9
       2       1       3       3       3       3       2       3       1       1       1       3       3       3       3       1       5       4       2       8      12      16      13      15      11       1      16      12       0      16      11
       1       2       3       3       1       1       1       1       3       1       2       2       2       2       3      12      12       0       1      12       4      14       0      12      15       2      14       9       7       0       7
       3       2       2       2       1       3       1       2       2       1       2       3       3       3       3      11       7       1       1       4       0      16       4      13       4       5       5      13      15       1       6
       2       3       2       3       3       2       1       2       2       2       2       3       2       2       3       3      13       6       5       1       6       2      14      15       9      11       9      14       9      12      10
       3       2       3       1       2       1       2       3       2       2       3       2       3       2       1       2       8      10      13      15       3       6      12      14       9       1      15       1      13       2       6
       3       1       1       2       1       2       2       1       3       1       1       2       3       3       2      11       8      15       4       1       5       6       5       7      15       0      16       8       7       3       7
       2       1       2       1       2       1       1       3       1       3       3       2       3       1       2      10       8       8      14       5       0       1      10       1      16      12       1       9      14       6       8
       2       3       3       3       3       3       2       1       2       2       1       1       3       2       2      15       9      11       2       9      13       2       9      10      13      10       6       3      16      11       7
       2       3       2       1       2       2       1       2       3       2       1       3       2       2       3      15       2      11       4      10       5       6       6       8      14      10       9       5       6       6       8
       2       2       2       3       2       2       3       3       2       1       3       2       3       1       2      15      14       9      12       6       5       5       7      13       5      14       4       6       6       3      11
       2       1       3       1       1       3       1       2       3       3       3       3       1       1       1       9       0       9      16      15       5      15      10       2       6       1      14      15      13       3       6
       1       1       2       3       3       1       3       3       3       2       3       3       3       3       3       3       4       5      15       7      16       4       2       3       5      14       7      12       2      14       8
       3       2       2       3       1       2       1       2       1       3       3       2       3       1       1      13       8      13       1       7       4       9       8      16       0       2       3      11      10      11       7
       2       3       3       2       3       1       2       2       3       3       1       3       2       3       3      14      11       7       3       7      15       5       7       7      10       5       6       5       2      13       6
       1       2       3       1       2       3       2       1       3       2       1       1       2       1       3       0      10      12      14       7       3       0       2       3      15      16       7      12      14      14       7
       1       3       1       3       1       1       1       2       1       3       2       3       1       2       1      15       4       7       0       1       7       1      11      16       8      14      16       1       6      11      11
       3       1       1       2       3       3       3       1       3       3       1       1       3       3       2      12       2       8      14       6       4      10       8       5       5      15       5       1      14       9      11
       1       1       1       1       3       2       2       3       3       2       3       3       1       2       2      14      16      11       4      11       2       0      15      12       1       2      12       3       1      12       9
       2       3       2       3       3       2       3       3       2       2       3       3       2       2       3      15       3       8       6      11       1      15       6      11       4      12       4       5       4      10      10
       2       2       2       1       1       1       3       2       1       1       2       2       2       2       1      10       7      15      14      11       2       6       2      14      15       1      16       0      16      16       9
       1       2       2       2       1       2       1       1       2       2       2       3       3       3       1      16      16       9      12       9      12      13      15       3       3       5       4      12      12      10      11
       3       3       1       1       1       2       3       1       2       2       1       2       3       3       2       6      13       7      12      11      15       4       9       2       3       5      15       3       2       7       8
       2       2       1       2       2       3       2       1       1       2       2       3       1       2       1       3       7       3       6       6      11      11       4       7       7      12      15       6      13       4       7
       3       2       3       2       3       1       2       3       3       2       1       1       1       1       3       3       2       2      15      12       0       5       2       6       6      14       3       1       2       7       8
       3       1       1       2       3       3       1       3       1       2       2       2       2       2       2      14       6      10       1       0       1       8       1       0      15       5       5      16      16      15       9
       2       1       1       1       2       3       3       3       3       1       3       3       2       2       2       3       6      13      15      14       9       5       5       4      14       6       3       8       8      16      11
       2       1       1       2       2       2       1       3       2       3       2       1       1       2       1      12       8       0       8       2      11      13       7       5      13      14      15      15       0      15       7
       2       1       1       1       1       2       3       3       1       1       3       3       3       2       1       5       2       3       9       2      10       3       7       1       7       2      15      14       7       0       8
       2       2       1       3       2       3       2       3       2       3       2       2       1       2       1       8       1       5       9       2      11       8       5       9      10      16      14       8      10       1      11
       3       1       2       2       3       1       1       2       1       2       1       1       1       3       3       1      11       2      12       7      13      11       0       5       1      16       7      15      10       7       6
       2       2       3       1       2       1       2       3       1       3       2       3       1       2       3       4       5      10       5       0      16      12      14      13       0       4      14       7       0       0       7
       2       3       3       2       1       2       3       3       1       2       2       3       2       3       1       8       7       0       2      16      11      13      13       9       8       6      13      12       0       3      11
       1       3       3       2       1       1       2       1       2       3       1       2       1       1       3      10       0      13      12       0       4      15      11       6       0       4      13       9      15      13       6
       2       1       1       1       3       2       3       2       2       1       2       3       2       2       1      13      10      15      10       4      13      15       2      12       1      14      12       5       7      14       9
       3       1       1       3       1       2       3       1       1       2       3       3       1       2       1      12       6       3       2      13      11      15       7       8       5       8       8       0       0       4       7
       1       3       2       3       1       1       1       3       3       1       3       3       1       1       2      15       1      13      12       3       8      15       1      14      15      12      15      10      11      16       8
     117     187     130     151     164     114     164     174     175     151     182     190     144     161     180
     223     223     446     223     223     223     223     446     223     446     223     446     223     446     446
     603     807     397     612     655     465     518     479     503     697     974     608     726     715     769