     200      15    0.10
       1       3       1       2       3       3       2       3       1       3       3       1       2       1       3       0      15       3      10       5       7       0      13      15       9       3       6       1       4       9       2
       1       3       3       1       1       2       2       1       3       1       3       1       2       3       2       9       5       0       8       4       1      13       8      10      10       4      14      14      10       2       1
       2       1       2       2       3       3       3       2       1       2       3       1       3       3       3       8      10      13       3       7       8      13      10       9      15      12       5      15       9       8       1
       1       3       2       3       3       3       3       1       2       1       3       3       3       3       1      15       2       9      16      13      14      11      14      14      15      12       4       3       6       3       1
       2       1       2       1       2       2       2       1       3       3       3       3       3       1       1       8       0       5      10      15       5       1      12       6      12       6       4      12       0       5       1
       1       3       2       2       3       3       2       1       2       3       1       3       3       2       3       7      11      16       2      15      14       6      15      10       8       3       9       1       7       9       1
       1       3       3       2       2       3       3       3       2       1       1       3       3       1       3       1       7      13       2      16      12      12       8      10       4       9      13       4      10       1       3
       1       3       1       2       3       1       3       3       1       3       2       1       2       1       2      13      15      15      12       9      14       4      14       9      10      13      12      10      11      15       3
       3       3       2       1       3       2       2       2       3       1       1       3       2       2       3      16       2      15      13       6       0       9       5       6      14       9      12      13       4      16       1
       1       3       1       1       1       3       3       3       3       3       2       2       1       3       2      16      12       6      16       4      15       6      13       5      15       2       2       3       2       2       1
       1       1       3       3       3       2       1       1       3       3       3       3       3       2       3      16       1      10      13       2      14       6       4       2       2      13       2      12      15      10       1
       2       2       3       2       2       3       1       1       1       2       3       1       2       2       1      10      12       3       5       7      11       4      12       4      13       4       6       7      16      10       2
       3       1       3       3       2       2       1       2       2       1       3       1       3       1       1       6      11      15       5      15      14       1      11       3       8       5       3       1       8       0       1
       2       2       1       1       1       3       3       3       2       3       3       1       1       2       2      10       1       2      12       3       4       7      10       4      16       6       6       6       2      14       3
       1       1       1       3       1       3       3       2       1       1       2       2       2       2       1      11       9      12       0       4      15       9      12      13       6       8      14       1       1       3       2
       3       1       2       1       2       2       1       3       3       2       1       2       3       3       2       1       4       1       3       6      15      15      16      15      14       7      11       3       6      13       2
       1       3       1       3       1       3       1       1       3       3       2       1       1       2       1      14      13       5       7       7       2       3       5      15       4       1       3      12       9       1       2
       3       3       2       2       3       1       2       1       3       2       3       3       2       3       3      16      12       0      12      14       1      11       8       1      14       5      15       2      11       4       1
       2       2       3       2       3       2       2       2       2       2       3       1       2       2       1       4       0       1       2      13       0       2       4       5       9       4      14       1      13       8       3
       1       1       3       2       2       3       1       2       2       1       2       2       2       1       3      10       5       3       7       3       6       7       8       0      14       4      14       2       6      10       1
       2       2       3       1       2       1       2       2       2       3       2       1       2       2       1       7       7       5       3      12       6       5       5      15       4       3       0       7      12       1       3
       3       3       1       1       2       3       3       2       3       1       3       3       2       3       1      10      12       5       3      14      12      15       7      11       8       5       0      10      15       6       2
       2       3       1       3       1       1       3       1       1       2       1       1       1       2       1       5      13      12      13      13       6       4       7       0       7       3      13      14       6       2       2
       2       3       2       1       1       3       2       1       2       3       3       3       3       3       1      13       7       9       4       5       7       3       1       3      16       2       7      16       5      10       2
       3       3       3       2       2       2       2       3       1       2       1       1       3       3       3      15      15       2       3       7      12       7       3       4       7      14      14       4      13      16       1
       3       2       3       2       2       1       3       3       2       1       2       3       3       3       2       9      12      16      13      15      13       8       2      15      16       3       9      11       5       6       2
       3       3       2       3       3       3       3       1       2       1       1       1       1       2       3      14      12      10      13      14       1       4       3       4       4      14       5       5      12       8       3
       3       3       3       2       1       3       3       2       1       2       3       1       1       2       2       4       1       9       0      12       3      11      16       9      12      15      12       0       5       5       3
       1       1       2       2       1       2       3       2       2       1       1       3       2       2       1       9      10      11      10       9      13      14      15       2      11       9      13      10       9      13       3
       2       2       3       1       1       2       1       2       2       2       3       1       2       2       1       2       0      13       0       4      15       5       7      15      10       8      12      13       0      16       2
       2       1       3       2       3       1       1       1       3       2       3       2       1       2       2      15      13       5       3       7       4       6      12       2      12       5       0      13       6      10       2
       1       2       1       2       2       3       3       1       3       2       3       1       1       2       3       6      14       2       7       2       6       0      16       1       9      13       6       0       1       7       2
       2       2       2       2       3       3       2       1       1       3       1       1       3       3       2       2      15       0      14       4       4       9      15      10       2      12      13       5      14       2       1
       3       1       3       3       3       2       3       1       2       2       1       3       2       2       1       0       0       1       4      10       1      14       6       6       0       6       4      15       9      10       1
       3       3       2       3       1       2       3       3       1       2       2       2       3       3       3      13       4      12      15      16       1       6       5       0       6      15      13       3       5       5       2
       1       3       2       1       1       2       3       3       2       3       2       1       3       2       2      10      11       4      12       1       0      12       4      12      14       2      12       4       1      13       3
       2       2       1       2       1       3       3       2       2       3       1       1       1       3       3       5      15       8      16       7       7       3       6      15       0       9       0       6      12       8       2
       2       1       2       3       2       2       2       3       1       2       1       1       1       1       3       8       0       7       0       1       8       0       5       5       2       0       0       5      16      13       3
       1       1       1       1       3       2       1       1       1       3       2       3       1       1       3      16       8       0       6      16       4      12       7       5       1      15       7      13       1       3       1
       3       3       1       2       3       3       3       3       2       3       1       2       3       3       1      13      10      10       1       2       1       4       5       2      13      10       9      16       4       2       1
       3       1       1       2       3       3       1       2       3       2       1       1       2       1       3       3       6       4      13       2       3       0      12       5       1       4       0       8       5       7       1
       1       2       1       2       1       2       2       3       2       2       2       1       2       1       1       9      13       9       6      10       0      16      10      11      13       0      13      14      12      13       2
       3       3       3       2       2       1       3       3       2       3       1       1       3       1       1       2      16       7       0      15       9      15       2       5       4       6      13      11       3      13       3
       1       2       3       2       1       2       1       3       2       3       1       2       3       3       2       5      11       3      15       1      12       4      15       8       8       0      13       8      11      14       3
       3       3       3       1       1       3       1       2       1       1       1       2       3       2       1      13       6      12      13       8      11      13      14       6       0       1      14       9      13       0       2
       2       2       3       1       3       3       3       2       3       3       2       2       3       1       2       6       3       5       7       6       9       1       7       1       2       6      15       5       9      10       3
       1       2       1       2       2       2       1       1       3       1       3       2       3       2       3      15      16       2      13      11      10      10       0      10      11       5      16       7      14      15       3
       3       2       2       3       3       1       1       1       1       3       2       1       3       2       1      12      10       5      14       7       0       3      14       9      10       7      15      12       5      12       1
       1       2       3       2       2       1       1       1       1       2       1       1       3       3       2       3       9      13       0       3       5      14       6       6      14       5       2       4      16       0       1
       2       3       2       3       3       3       1       1       3       3       1       1       3       1       1       4      12       5      13       4       9      13       2      16       2      13       1       4      11       5       2
       3       3       1       2       3       1       2       1       3       1       2       1       3       1       3      13      12      13      10       0      14       0      12       5      15       0      13      11       3       9       3
       3       3       2       2       3       2       1       1       1       2       2       2       1       2       3       1       7       1      10       6      14       8       3       6      14       6       3      10      14       7       1
       1       2       3       2       3       2       2       1       1       1       3       3       3       1       2       7       5       4       2      11       9       2       8       7       9      16       9      11       2      16       2
       3       2       1       1       2       1       1       1       2       3       2       1       1       2       2      15       1       4       9       9       1       6      11      13       8       4       4      13       6       6       1
       1       3       3       3       3       2       1       2       2       2       2       3       3       2       3       6       1       6       1       3      11       0      10      14      13      16       1      14       2       1       1
       3       1       2       2       1       2       3       2       3       2       1       2       3       2       3      10       3       1       4       5       8      11      13      15       6      16      14       0       5       3       2
       1       2       3       3       1       2       2       2       2       3       1       1       2       1       3       2       4      16       9       1       8      14       2      11      14      10      13      16      16       6       3
       2       1       2       3       2       3       2       3       1       1       2       2       2       2       2       0       7      16      16       3      15       6       9      13       5       6       5      15       0       2       3
       3       1       3       1       3       1       2       2       2       3       3       3       1       2       1      13      12       6      14       5       6       5       7      15       3      11       7      12      14       0       2
       1       3       1       1       2       3       2       1       3       1       1       1       1       3       2       1      10       8      13       1       4       6      12      13       3       5       2       6      10      14       2
       2       1       1       1       1       1       1       2       2       1       2       3       2       2       3       0       6       2      10      11       1       6       9       4       2       4      13       7       7       2       3
       1       2       2       3       2       3       3       3       2       1       2       2       1       1       1       3      13      16       2      10      10      16      15      15      11       1      12       9      16      14       2
       1       3       2       1       1       2       1       2       1       3       2       1       3       2       1       7      10      12      14       9       8       5       6       8       5      13       9       7       8       6       2
       1       1       2       2       1       3       2       3       3       2       1       2       3       1       3      14      13       1       7      15       9      14       1      13      11      14       7      10       9       1       3
       2       3       1       3       1       1       1       1       3       2       2       1       3       2       1      11       4       0      12       9      16      12       2      15      14       9      10       6      16      15       3
       1       3       3       1       1       3       2       3       2       2       1       2       2       3       3      13       2      14      11       3      14      12       4      11       5       4      14      11       1      16       3
       3       1       3       3       3       3       3       1       2       3       3       3       2       2       3      11       3      12       5       9       4       1      13       8       1      14       7       7      11       7       2
       1       1       2       3       1       3       1       1       1       2       1       3       2       1       2       1      14       7      12       4       1       9       7      13       3      11       6       9       1       5       1
       3       1       2       2       2       1       1       2       3       1       2       1       3       1       2       9      14       1      13       9      13      10      16      12       3      12       2       4       5      11       3
       1       1       1       3       1       1       2       1       1       3       1       1       2       3       3       4       8      14      14      10      11       5       7      15      16       7       3      16       6      12       2
       1       3       2       3       3       3       1       1       1       2       2       3       2       2       1       8      13       4       3       3       3       4       5      14       1       2      14       8      15       7       2
       3       3       1       2       2       1       2       1       1       3       1       2       1       3       3       4      13       3       0       8      10      10       1       7      14       2       7      10       3      16       2
       3       3       2       3       2       2       2       3       3       3       1       1       3       3       1       0       1       5      13      14      12      16      11       5       2       8       8       3       9       4       1
       1       2       3       3       1       3       3       2       2       1       2       3       3       1       3      14       8      15       3      10       6      14       6       0      10      14       4      10      11       2       3
       2       3       3       3       2       1       1       1       2       2       2       1       1       2       2       3       1      10      13       5      10       6      12       2       2      14       5       4       3       7       2
       3       2       1       2       3       2       3       2       3       2       2       3       3       1       2       3       7       9       1      14       1       7       0       2       4       3       5       6       5       5       1
       2       1       3       1       2       3       2       2       2       2       3       1       2       1       3       2      14       3      11       1      15       0      11       6       4       9       4       4      11       2       2
       2       2       2       1       3       1       2       1       1       1       1       3       3       2       3       9       5       6      15      12       5      16      15       6       6       4       0       3      16       5       1
       2       1       3       1       2       3       3       2       3       1       3       1       2       2       3       1       5       9       9       9       9       4       2      12      14       5       1       7       1       1       3
       3       1       1       1       3       2       1       3       2       2       3       2       1       2       2      14       4       0      12       7       2       9      15      13      14       4      13      13      12       5       1
       1       1       2       3       3       2       1       2       2       1       2       1       2       2       1       4      10       7      10      15      13       2       5       6       8       2      16      13      12       3       3
       2       3       2       3       1       3       3       2       2       1       2       3       3       3       1      14      15      13       8       6      15      16       8      11      16       4      14      13      13      11       3
       1       1       2       3       2       2       3       2       2       3       3       2       3       2       3       8       8       2      16      13      15      12       8       4       5      15       1       7      10       5       1
       2       3       2       1       2       1       2       3       1       3       3       3       1       2       2      11       4       9       2      12      13       0       7      12      11       3      11      16       2       6       2
       2       1       3       3       2       3       3       1       3       2       2       1       2       3       2      15      11       2       1      13      16      12       7       1       6      12       2      15       0       5       3
       2       3       3       2       2       2       3       3       2       3       3       3       3       2       1      11      10       8      10       6       0      11       1       8       1       4       5      11       3      11       1
       1       2       3       3       1       2       3       2       3       1       2       1       1       3       1      12       3      12      16      16       1      15       0      10       9       2       6      15       2       6       3
       2       1       2       2       3       2       1       1       1       2       1       1       1       3       2       1       4       4      15      10       5       0      11       5      11       1      15       6      11       4       3
       2       2       3       3       2       2       1       3       3       3       2       3       3       3       1       0      13       9      15      10       0      11       7       0      12       0       0       6      11      11       2
       1       3       2       1       1       3       3       1       3       2       1       3       1       3       2      10       9       5       7      16       9       2      11       6      15      13       8       7      13      11       3
       2       3       1       1       3       2       3       2       2       2       3       2       2       2       3       8       7      15       0      16       9       7       7      14       9       4       7       6      12      14       2
       1       3       2       1       2       2       3       1       3       3       2       2       3       2       2       4       2      16      13       9       8       9       4      10      14       0      13      11      14       3       1
       2       1       2       2       1       2       3       3       1       2       3       3       1       1       3       4       7      10       4       1       1       9       3       8       9       2      13      10       5       3       1
       2       1       1       2       2       2       1       1       3       3       3       2       1       3       2       1       8       5      13       9      13       9      16       7      12       4      11      16       2       2       2
       1       3       2       1       1       3       2       1       3       2       1       2       3       3       3      14      12       9       8       9      15       0       8      13       3       3      14      10       8       5       3
       2       2       3       2       3       3       1       1       3       3       1       1       1       1       2       1       7      14       4       8      14       4      16       2      10       7       5       7      14       4       1
       3       2       2       1       3       1       1       3       1       3       2       3       1       2       2       6       7      13       0       5       1       6       5       7       9       2      10       5      13      15       3
       2       1       3       3       3       2       3       1       2       3       2       1       1       3       1       6      14       8      12      13       3       1       3       0      14      10      16      14       8       7       1
       3       2       2       2       2       2       2       3       2       1       1       2       2       3       3       4       8       5       8      12       7       6       5       6       3      13      12       2       5      14       3
       3       3       2       3       3       2       2       2       2       3       2       2       3       2       1       5       1       7       8      11      10      11       7      13       8      14       7      14      13       2       3
       3       1       2       1       3       2       2       3       1       3       3       3       3       1       2      16       8       4       2      11      10       5      11      10      12       9       6       7       7       6       1
       3       3       1       2       2       1       2       2       1       3       3       3       1       1       2       9       4       4      10      11      12      15       3       4      14       8      10       0       4       6       1
       2       3       3       1       1       3       3       3       3       1       1       3       2       3       3       0       2       8      13      14       0      12      15       0       4       6       1      12       2       4       1
       2       1       1       1       2       2       3       1       3       3       1       3       3       1       2      16       2       6       3      13       4      15       3       3      11      10       0       3      12       9       2
       3       1       1       2       2       1       2       2       2       3       3       2       3       1       2       7       6       6      16       0      13       9      16       7       6       8      13      12      13       5       2
       1       2       2       2       1       2       3       1       3       2       2       2       1       3       2       0      12      15      12       7       1      15       9      16      13       7      11       5      14       6       2
       2       3       2       1       3       3       1       3       1       3       3       1       2       3       1       6      10       6      16       2      13      16      16      13       0      10      13       2       1       4       3
       2       3       3       3       3       3       1       3       3       3       2       3       2       3       3      15      12      12       0       7      10       7       7      14       9       3       1      11       0      13       3
       2       1       3       2       2       3       2       2       3       3       2       1       2       3       2       3       7      12      10       3      16       1       8       3       6       0       2       4      15       1       1
       3       3       1       1       2       3       3       2       2       2       3       1       3       3       1       4       6       4       2       9       0      15       7       0      14      11      13       6       0      11       2
       1       3       3       1       3       1       2       1       2       3       1       2       3       3       1       4       1       0       2      13       6      14       3      10       4      12       6       9      13      12       1
       2       1       1       2       1       3       2       1       2       2       3       1       2       3       1       8      16       9      10      15       5       7       9      10      16      13      11       2       7       7       2
       1       2       3       2       1       1       3       2       1       2       1       2       2       2       2      10       5       9      11      14       2       1       1       2      14       7       8       5       5       7       1
       3       3       3       1       1       2       1       1       1       1       2       3       1       2       2      10       4      14       1      16       4       7       2      14      13       8      13       9       2       5       2
       1       1       3       3       1       1       2       1       3       2       2       2       1       2       1      10       5      11      13      15       2      15       6      15       3      11       3      16      14       1       2
       3       1       2       1       1       1       3       3       1       2       1       1       2       2       3       8       1       6       7      13      15      14       1      14       7       4       3       5       3       4       2
       1       2       2       1       1       3       3       1       3       1       3       3       2       3       1       3      12      15      15       5       6      16       6       6      12       7       9      12      14      15       3
       3       2       2       1       1       1       1       2       1       1       3       3       2       2       1       7       4      15      14       0       2      16      16       7      15      13       8      12       6       8       2
       3       2       2       2       1       3       2       2       1       2       3       3       2       1       3       1       0       7       4       6      15      16       9       4      15       0       3      16       8       6       2
       2       2       1       2       1       1       3       2       2       2       1       3       3       1       1       7       5       6       7       9       4      13       3       5      10      10      16       2      11       3       1
       3       3       2       1       1       2       2       2       1       1       1       1       2       2       1      10      15       3       1       6       7       0      16      10       9      16       9       6       2       9       3
       3       3       1       2       2       3       1       2       3       2       3       3       2       3       2      11       9      11       7      14      12      14      15      11       8       7       8      10       3      11       3
       1       3       2       1       3       1       1       3       1       1       2       3       2       1       1       6       4       8       6      11      13      11       6       5       7      11       8       1      15      13       1
       3       1       1       1       3       3       2       2       1       3       1       3       2       2       3      14       5       1      12      16      12       4      16       6       8       8      11      11      16       6       1
       1       1       1       3       2       2       1       2       2       1       3       2       3       2       2       2       7       5      14      15       8      12      14      11       2      14       7      11       7       6       1
       2       1       1       1       3       1       1       1       3       2       1       1       1       1       1       3       1      11      12       7       8      12      15       1       0      15       9      12      14      11       1
       1       3       1       2       3       1       2       2       2       2       1       3       3       2       2       7      15       7       9       0       4      15       0      14      13      14      14       0      16       7       2
       3       1       1       2       2       1       3       2       1       2       3       2       3       1       1       5      14      10      11       4      15      14      13       8       5      13      13       1       5       2       1
       2       1       2       3       1       3       3       3       1       3       1       1       1       3       2       6       6       3      13       1      11      16      11       5      13       6      11      12       1      15       2
       1       2       3       2       3       1       1       1       2       2       3       3       3       3       2       0      10       8      15       0      14      11      15      13      14       7       2      16       8       3       2
       1       1       3       1       1       3       3       1       2       1       3       3       3       1       3       0      11      15       9      15      15       7       1      11       4       5       8       3      10      13       2
       3       1       2       3       3       2       2       2       3       2       3       1       3       2       1       8      10      16       4      14       2       1       4       1       8      15       3       3      12       5       1
       2       1       1       2       1       2       1       2       1       1       2       2       3       2       3      15      11       0      14      15       1      15      13       1       7      12      12       4       8      11       1
       3       3       1       1       3       1       1       2       1       3       3       3       1       3       1      14      10       2       0       5       2       6      11       5       0       1       2      10      10       9       3
       3       1       2       2       2       3       2       1       2       2       2       2       1       3       1      12      16       7      12      15       7      14      13      13       7       7       1       9       3      11       3
       3       2       3       3       3       2       1       1       2       2       1       3       1       3       3       6      16      16      14       3       7      11       8      11       0       8       5      14      11       9       3
       3       3       2       2       3       2       2       3       2       2       1       3       1       1       1       1       1       2       2      14       4       6       4      12       2      12      15       3       2      13       3
       3       1       2       1       3       3       3       3       1       3       1       3       1       2       1       7       8       3      12      15       2      14      15      13      13      13      13      10       2      14       2
       2       2       2       1       2       1       1       2       2       3       3       2       3       3       2       3       2       3       7      12      11      13      10       6      10       9       1       6       1      10       1
       2       1       1       1       2       1       3       3       1       3       1       2       3       1       3       9       3       1       0      16       2       5      15       0      13       5       6       7      15       6       3
       3       2       3       3       2       2       1       3       2       1       3       1       2       2       1      11       5      14      10       8       6       6       8      12       4       8      15      15      10      16       3
       2       3       3       2       3       3       1       2       3       3       3       2       3       2       2       1       2       3       1      12       3       4       5      11       8       4       9       1      13      15       3
       1       3       1       1       3       2       1       1       2       1       2       1       2       1       3       3      15      15       1      16      15       4      16       8      16       4      11       4      14       3       3
       3       3       3       3       1       2       3       3       2       2       3       2       1       2       1      16       5      10       0      12       7      13       0      16       5       8       7       9       1      10       1
       1       1       1       1       3       2       3       2       2       1       1       1       1       2       1       4      15       6       2      13       6      12       7       6       6       1       9      13       0      14       2
       1       1       1       3       3       1       1       1       2       2       2       2       2       3       2       1      10       5      13       0      15       5       0       9       5       1      12       5      16       8       2
       2       2       1       1       1       2       1       3       3       3       2       1       2       3       3      12       2       0      16       0      14       1       8       1       5      16       2       1       2      16       1
       1       1       3       1       2       2       1       1       2       1       3       2       3       3       2      10       8      10      16       9       8       5      11       0      10       8       1       9       9      12       1
       2       3       1       2       3       2       3       2       2       2       3       2       3       3       1      16       2       7      16      11      12       9      10       8       5      12      15       9       6      16       1
       1       3       3       3       1       3       1       3       1       1       2       3       2       2       1       1      14       1       3      14       6       0      10       6      13      12      12       6      12       0       2
       1       3       2       3       1       3       1       3       3       1       2       1       1       2       3       2       7       6       4       0      14      13      14       8       8       9       9      11      13       3       2
       1       1       3       3       1       1       1       2       1       2       1       2       1       3       2       6      12       4      15       1      16       4      16       3       1      12      11       7      13      11       1
       2       1       2       1       1       3       1       2       1       3       2       3       2       2       2       1       4       3       6      11       1      13      11      15       4       3       0       6       1       2       1
       2       1       1       3       3       1       3       2       3       3       1       2       2       2       1      11       7       0      13       2      12       8       7      16       6       5      11      11       6       8       1
       1       2       3       1       2       3       2       1       3       3       3       3       2       3       2       0      16       2      11      12      14      10       6      11       5       2       0      13       4       8       3
       2       1       3       1       3       2       1       3       3       1       3       3       3       2       3      16       8      13       7       0      13      10      16       2       7      13       8       7      14       5       2
       2       1       1       1       3       2       3       3       2       2       1       2       3       2       2       9       2       1       8      15       6      11       3       9       4       7      10       1       0       2       1
       1       3       3       3       2       1       2       3       3       3       2       1       2       3       3       6      11       3      14       4      13       5       9       7      15       7       9      15       6      12       2
       1       1       3       2       2       3       1       2       2       1       3       1       3       2       1       4       9       2      14       0       1       8       1      11       1      14      16       9       1      12       2
       2       1       2       3       2       3       2       1       1       2       2       2       3       2       2      15       7      13       0      11      12       5       7      10       2       0      11       9       4       4       3
       1       2       3       3       1       2       3       1       1       3       1       2       1       2       2       4       6       4      14      13       3      11       0      14       6      10      12      15      12       5       2
       1       3       3       3       3       2       2       2       3       3       2       1       1       1       2      11       0      13       3       7       4      15       6      10       7      11       3      11       1       8       2
       3       3       1       2       2       2       2       1       3       3       2       3       3       2       1      10       8      15       8       3      10       0      11       1       4      15       9       9       5       7       3
       1       3       3       1       1       2       2       3       2       1       3       3       1       1       3       7      12      14      15       7      10      15       3      14       3       6      12      15       5      13       2
       3       2       3       3       1       3       1       1       3       2       2       1       2       1       2      15      11       9       2       9      15       7       0      11      10      16       5      16       9       8       1
       3       3       2       2       2       3       1       3       1       3       2       3       1       2       1      10      14      14       7      15       0       1       8       2       9       1      13      11      12       8       1
       2       2       3       2       2       1       3       2       1       3       3       3       3       2       2       6       2       5       8       9       8      11       1       3       1      10       6       6      12       6       2
       3       1       3       2       2       1       3       2       2       2       2       1       3       1       1       0       1      15       1       5       7       0       5       0      15      10      11      16       9      12       1
       2       1       3       3       3       1       3       2       1       2       2       1       1       1       2      12       1       8      11       9      10       9       9       0      11      15       9      11       5       9       2
       2       3       3       1       3       3       2       3       3       1       3       1       1       3       1       4       7       8      10      12      12       8       7       3      15       3       9      15       2       3       2
       2       2       1       3       2       3       1       3       2       1       2       1       3       3       3      15       1      16      13       7       0      14       2       1       2      12      11      11       8      13       2
       3       3       2       3       2       1       2       1       3       2       3       1       3       3       3      10      16       2       7       8      16       6      16       8       5       2      12       9       1      14       2
       1       2       1       3       3       3       2       1       1       3       3       2       3       2       1       7       2      13      15       5       0      11       5      11       0       5       5      16      13       9       2
       2       1       1       3       1       3       2       3       3       2       3       1       1       2       3      11      13      15      10       9       0      12       8      13      12       1       6      12       6      10       3
       2       3       3       2       1       2       2       2       3       3       2       3       1       2       2       8      14      10       8      14      14       2      14      15      16       6      15      16       8       4       1
       1       1       2       3       2       2       2       3       1       1       3       1       1       1       3      14      10      10       6       4       2       1       5       3      13      14       2      13      16       3       2
       3       1       3       2       2       1       3       2       3       2       2       1       3       3       3       7       1       9       8      13       0      15       0       6      11       1      11      16       3      13       3
       2       2       2       1       1       3       1       3       3       2       3       1       1       1       2       4      11       7      15      16       0       9       3      10      12       1       2       1       1       4       1
       1       1       3       2       3       2       1       2       1       3       3       3       2       2       3       6       8       6      14       8       0       0      16       8       2       6      10       6       5       3       1
       3       1       3       1       1       2       1       1       2       3       2       2       3       2       1      15       1      10       7      16       5       5       3      16      13      11      16      14      10      11       1
       3       3       2       1       3       3       1       3       3       2       3       3       2       1       1      13      15       3       3       7      10       5      15      10      16       8       2       3      16       4       2
       2       1       3       3       1       3       2       2       3       2       2       1       1       2       3       1      10       3       9       3       7       5      13       2       1      16      10      11      15       5       3
       3       3       2       2       3       1       1       2       1       2       1       2       2       1       1       4       5      15      11      10      14       3       3       3       9      12      13       8       4       2       2
       1       1       2       1       2       1       3       3       1       2       1       1       1       2       2      14      11      15      13      14      13       2       1       2      14       1      10      11      11       3       2
       2       2       1       3       1       2       3       1       3       2       2       1       2       2       2       4       9      13       0       9      15       0       7       0      10       2      16      10       7       6       1
       1       1       3       2       2       1       2       3       1       3       1       3       1       3       1      15      14      16       4       2      15       0      10      12       1      14      14      11      16      10       3
       3       3       1       2       1       1       3       3       3       2       2       1       2       1       1       6       9      16       6       7      15       9      15       8       8       0       1      14      16      13       3
       1       3       2       2       3       2       3       1       1       3       2       2       3       3       1       2       5      13      15      15       9       6       4       9      15       6      16       0       6       8       1
       1       3       3       1       1       3       1       1       2       2       1       1       2       3       1       2       2       3      10      14      11      13      14      15      16       7       7      16      11       5       3
       1       2       3       1       2       1       1       2       1       1       2       2       3       3       2       0       0       3       4       9       7       2      15       0       2      16       9       7      15       0       2
       1       1       2       3       2       2       2       3       2       3       3       1       2       2       3      12       0       0       1      10      12       5       6       9       3       1       0       7       7      16       1
       3       3       3       2       2       2       3       3       1       3       2       3       3       3       2       9      10       0       5      16       8      12       0       1      16       2       7       3       9       6       1
       2       1       3       3       2       1       2       2       1       2       2       3       2       2       3       5       4      15       9      10       9       0      13       8      11      12       4      10       4      14       3
       2       1       1       3       2       2       1       3       3       3       1       1       3       1       2       4      10       2       9      16      13      13       7      16      14      12       1       0       0       4       2
       3       3       1       2       2       3       1       2       1       3       2       1       3       1       3      13      14      13       4      16      15      12       3       2      11      12       7      11       6       5       1
       2       2       1       1       3       3       3       3       3       1       3       2       3       1       3      13       2       7      11      16       1       5      16       2      15       2       8       4       8      13       2
       3       1       2       1       2       1       3       2       1       2       3       3       3       1       2       7       4      11      15      12      11       5      15       9       7       4      13       2       5      12       2
       2       1       1       1       1       3       2       3       2       3       2       3       3       1       3       4       9       5       0      10       0      11      10       5       7      13       6       8       1      14       2
       2       1       3       2       2       2       1       2       1       3       3       3       1       2       1       3       1       0      15      12       9      12       2       5      12       6      13       2      11       0       1
       3       1       1       2       1       3       1       1       3       2       2       1       1       3       3       5      11       1       3       0       8      11       2       4       5      16      14      10       4      14       3
      40      32      41      29      48      39      27      27      34      48      30      30      37      31      36
      79      63      85      56      96      82      53      53      67     102      61      58      78      63      71
     179     107     141     101     237     160     126      86     143     257     109     134     169     130     113