     200       5    0.05
       3       1       2       2       1       5       4       0      15       1       2
       3       3       1       2       2       5       7      14       1       1       3
       3       1       2       3       1       6       1       0       2      15       3
       1       1       2       1       1      15      14       2       7       9       3
       1       3       1       3       3       1       4       7       4      10       3
       2       2       3       3       3      10      15       7       5       4       3
       1       2       1       1       1       1       3      12      10      15       2
       3       1       1       3       1       1       5      15      13       7       3
       1       3       2       2       3      12      13       1       9      16       2
       1       2       3       3       3      13      12       5      11      12       2
       3       2       2       3       1      12      11       5      16      11       3
       1       1       3       1       3       3      14       6       9      14       2
       2       2       3       3       1      14      11       5      13      13       3
       2       3       2       1       3       7       6       5       1       3       3
       3       2       2       1       2      10       6      13       9       1       3
       3       1       2       3       2      11      12      14      11       5       3
       1       1       1       2       1       7       8       3      12      11       3
       1       3       3       2       2       8       2       5      15       3       3
       2       3       1       3       1       3       9      16      10       2       2
       1       3       2       2       3       9       6       1      12       8       3
       3       2       2       3       2      14      13      11       3      12       2
       1       1       3       2       1      11      12       2      16       5       2
       3       3       3       2       2       1      16       9       9      10       2
       2       1       3       1       3       8       9       5       7      13       3
       2       3       3       2       2       8      13       1       5       1       3
       2       1       2       3       3       5       5       8       9       4       3
       3       2       3       3       2       9       5       9       6      13       3
       1       3       3       3       3       4       9      16      11       9       3
       3       2       3       2       3      11       5       8      12       0       3
       3       3       3       1       2       5      10       9      12       1       3
       3       3       1       1       2      15       7       2      12       5       3
       1       1       2       1       3      11       4      16      14      16       2
       3       2       1       3       1      12      13       7      10      16       2
       3       2       1       2       3      11      14      11       9       0       2
       1       1       3       1       1       0      12       3       4      12       2
       1       2       2       2       1      15       9      14       0       5       3
       3       3       2       2       1      13       3       7      14       9       3
       1       3       2       2       3       5      10      16      13      13       2
       3       1       2       1       2      11       3      10       1       7       3
       3       3       3       2       2       4      14      15      10       6       3
       1       1       3       1       1       8       2       3      14       4       2
       3       2       2       2       1      16       3       6       4      10       2
       1       2       2       3       2      15       2       9      12       6       3
       1       2       3       2       1       3       8      12       3      14       2
       2       3       3       1       2      13       2       4       1      14       2
       2       1       1       1       1      11      15       5      13       5       3
       3       1       1       2       3      13      16      12      16       7       2
       2       2       2       1       1       2       2       7      16      16       2
       1       1       3       1       2       1       7       4       0      15       3
       1       1       2       1       2       2      12      16       7       0       2
       3       3       3       2       2      15      15       7       8       5       2
       2       2       1       2       1       9      13       6      13       8       3
       2       1       1       2       3      12      16      16       7       7       2
       3       1       2       1       2      10      15       3       7       6       3
       3       1       2       1       1       3       9       9      12       7       2
       1       1       3       2       3       3       9       6       7       6       3
       3       1       3       1       1       1      11      13       1      11       3
       3       3       1       2       1       9       1      10       6       7       2
       3       1       1       1       2      14      15       2      15      14       2
       1       1       3       3       2       9       0      16       3      13       3
       3       3       3       3       3       1       4      15      12       5       3
       1       2       3       1       1      13      13       7       0      11       2
       1       3       3       2       3      13      12       3       7       3       2
       2       1       1       2       3       6       0       6       8      16       2
       2       2       1       3       1       7      13       3       0       1       3
       3       2       3       2       3       2      12       5      12       1       2
       3       1       2       2       3       3       1       0       8       5       3
       3       3       1       1       3       3       9      14       6       2       3
       3       3       1       2       2       4      12       0       5      15       2
       1       1       2       3       1       2       8      11       9       7       3
       3       2       2       3       2      11       2      14       5       6       3
       3       1       3       3       3       5      11      15       9       0       3
       2       2       1       1       2      10       4      11       2       9       2
       2       2       2       3       2       9       2      12       9       1       3
       2       2       1       2       1       2      16       4      12      16       3
       2       2       1       1       2       8       6      15      10      13       3
       2       1       3       1       1      14      14       9      13       0       2
       3       2       2       1       3       4       2       4      10       5       3
       3       1       3       1       1       2       5      10       7       5       3
       2       1       1       1       2      10      16       8       1       9       3
       3       3       1       3       3       7       3       7       3      10       3
       1       2       2       2       3      15      10       3       7       9       3
       1       1       3       3       3      10       9      14       1       5       2
       2       3       2       2       3       3       5       9      10       4       2
       3       1       2       3       2      12       8      11      16       6       3
       1       1       2       3       1      13      13       3       0       9       2
       2       2       1       2       1       4      10       3      10       3       3
       3       1       1       1       2       5       3       2       0      11       3
       2       1       1       2       3      10       8       5       0      14       2
       2       2       3       2       1      11      14      12      12       1       3
       3       2       3       2       3       3      13       5       4       3       3
       1       2       1       2       1       5      10       4       9       6       3
       1       1       1       2       2      15      13      13       0      11       3
       1       2       3       3       2       5       6       7       9      15       2
       3       2       3       2       2      10       4      13       0      11       3
       3       1       1       1       2       2      12      12       5       3       2
       1       1       1       2       1       3      14      15      15      13       3
       1       1       2       1       2      16      15      12       9       6       2
       3       2       2       3       2      12       2       9      16       7       3
       2       1       3       3       2       0      13      14       6       3       3
       2       2       2       3       3       7       5      13       8       8       2
       3       2       1       2       2      11      13      12      11       4       2
       3       2       2       2       2      15      16       4      15       6       3
       1       2       2       2       1       0      10      13       8       6       3
       3       1       3       3       3       2       8       2      13      12       3
       2       1       2       3       3      16      14      14      12       7       3
       2       3       2       1       2       4       8      12      13      14       3
       2       3       3       3       2       7      15       3      10       9       3
       2       3       1       1       2       6      13       2      13       7       3
       2       2       1       2       1      12       2       2      15       5       2
       1       3       3       2       2      10       0       6       5       3       3
       3       2       1       3       2       0       7       6       0       6       2
       3       1       3       3       1      14      14       6       4       0       2
       3       1       2       3       3       2      11       2       2       2       2
       2       3       1       2       1       0      16       6      13       3       3
       1       1       2       2       2       7       3       9       7       2       2
       2       2       2       3       2      13      10      10       4       5       3
       3       2       2       3       3      13       8      16      16      12       2
       1       1       3       2       1       5      12       2      15       8       3
       3       3       3       3       3      12       2      10      11       3       2
       2       2       2       1       3      13      10       1      14       7       2
       2       2       3       1       2      13       4       7       6      15       3
       1       1       2       1       2      10       1      13       3       8       2
       1       2       2       1       2      10      10       4       0      13       3
       3       1       2       1       3      15       1       2      14       0       2
       2       3       3       2       2      12      15       1      15       8       3
       1       2       1       2       2       3       7      15       8      10       3
       2       2       2       3       1       1       8       5       0      12       3
       2       2       1       3       3       5      11       7       8       0       3
       1       3       2       1       1       4       6       6       2       0       3
       1       2       2       2       3       4       4      10       9      11       3
       1       2       3       3       3      15       0      12       6       4       3
       2       1       3       1       2       5      16      14       9      16       3
       3       2       1       3       2      16      11      12       4      15       2
       2       1       1       3       1       9       8       6       9      11       2
       2       1       1       3       2       7       7      12       0      12       2
       3       1       1       2       2      10      12      16      13      15       2
       2       3       2       2       2       6       7       0      12       4       3
       1       2       2       2       3      13      10      12      14       4       3
       3       3       1       1       3      15      16      15       6       9       2
       3       2       2       3       2      15      16       0       4      13       2
       2       3       1       1       1      15       7      10       4      10       3
       2       3       2       2       3       5      11      10      16      15       3
       3       1       1       3       1       5       8       8       1      16       2
       2       1       1       3       3      10       5      10      13       6       3
       1       3       3       3       1      14       9      11      14       0       3
       2       3       2       3       3      16      15      12      14       0       3
       3       3       2       1       1       5      12      11       8      12       3
       2       1       1       1       3       9       0       4       4       7       2
       1       3       1       2       3       9      13      12       0      14       2
       1       3       2       2       2       9       4       3      12      10       3
       3       1       2       2       2       0      15      12      11       5       3
       1       3       2       1       3      13      10       6       6      11       2
       2       1       2       3       3       7       3      15      11       5       2
       1       2       1       3       3       6      13      13       7       9       3
       1       3       1       3       1       3      11       2       7       4       3
       3       1       3       3       1      13       8       8      15      12       2
       1       3       1       2       2       0      14       3      14       3       2
       2       2       3       2       3       9       3       2       8       1       3
       1       2       3       2       2       1      15       4       3       8       3
       3       2       1       1       2       9       4      14      13       7       3
       2       2       2       3       3      13      15       7       8       7       2
       1       1       3       1       3       2       4      10       6      16       2
       3       2       3       1       2       7      14      16       2       6       2
       3       3       2       3       3       9      11       8       7      15       3
       1       3       1       2       3      14      12       9       8       2       2
       2       2       2       2       1      16       7      14      13      16       3
       3       2       2       2       1       7      16      14      16      10       3
       3       1       1       1       2       5      14       5      14      12       3
       1       2       2       3       3      13       8      12      16       8       2
       3       2       1       2       3       1      16      15       1      11       2
       2       2       2       1       1       0       8       9      10       1       3
       1       2       3       2       3      11       7      11       2       9       3
       3       3       1       1       1       1       6       1       9       2       2
       3       2       2       3       3      11       0      11       1      16       3
       3       2       3       1       2       0       7      13       3       0       3
       1       2       1       2       1      14       3       6       9       2       2
       3       3       2       2       2      11      10       9      14      15       3
       3       1       1       2       3      11       9       6       3       9       3
       1       1       3       2       2      10      10       1      13       3       2
       1       1       2       2       1       6      16       9       8      12       2
       1       1       2       3       1       4       1       3      14       1       2
       3       2       3       1       2       3       8      14       3       5       3
       1       2       3       1       3       5       9       5      16       4       2
       1       1       3       2       3      12       7      11       8       6       2
       1       1       1       2       1       4       3       1       2       6       2
       1       1       1       2       2      11       3      16       4      10       3
       3       3       1       1       1      12      12       4       0      13       2
       1       3       3       1       3       3       4       6      16       6       2
       3       2       1       3       2       2      10       4      13       8       2
       1       1       3       1       2      10      11       7       9      15       2
       1       1       1       1       2       3       4       2       6       1       2
       2       2       2       2       1       0      15       4      12      13       2
       2       2       2       3       1       8       5      14       4       6       3
       1       1       1       1       2      10       4       6      10       7       3
       1       2       3       2       2      11       0      12       0       5       2
       1       3       2       1       3      10      14       7       0      15       2
       3       3       2       3       1      16       0       1       8      16       2
       1       1       1       1       2      16      14       7       5       0       3
       3       3       1       1       2      16       1       9      11      11       2
     146     174     175     118     109
     327     334     347     269     253
     607    1039     839     511     399